77 - 27 48
1 - 63 36
2 - 106 22
164 - 165 23
132 - 16 34
97 - 196 24
132 - 100 16
101 - 163 11
85 - 134 30
4 - 10 48
81 - 177 34
105 - 139 35
165 - 66 3
92 - 29 47
88 - 175 45
155 - 167 32
40 - 10 11
7 - 101 50
44 - 95 12
32 - 27 44
21 - 111 38
4 - 159 43
91 - 64 19
100 - 54 0
43 - 128 43
149 - 126 0
170 - 19 43
127 - 4 50
29 - 137 2
29 - 79 40
164 - 117 50
42 - 30 15
62 - 102 17
77 - 14 35
34 - 103 30
133 - 137 47
114 - 137 6
103 - 100 10
191 - 69 30
31 - 138 7
13 - 88 23
101 - 2 25
141 - 162 39
52 - 33 28
127 - 107 42
52 - 1 38
8 - 159 13
11 - 4 49
7 - 4 27
82 - 12 35
4 - 22 19
95 - 194 41
19 - 54 15
112 - 100 3
17 - 69 50
98 - 82 7
176 - 128 33
127 - 128 15
149 - 190 25
85 - 35 32
159 - 36 12
103 - 66 33
27 - 2 5
150 - 43 24
98 - 86 10
30 - 176 9
129 - 36 41
45 - 16 46
97 - 4 37
13 - 57 18
47 - 35 15
1 - 115 48
7 - 38 23
123 - 141 3
113 - 26 42
57 - 32 41
162 - 32 38
35 - 16 16
4 - 1 36
63 - 1 23
154 - 115 18
13 - 38 21
32 - 35 4
1 - 171 31
9 - 7 38
151 - 4 30
114 - 168 10
179 - 129 37
94 - 187 6
52 - 106 46
66 - 63 46
10 - 133 5
126 - 104 16
104 - 73 14
182 - 126 22
7 - 9 30
67 - 168 14
52 - 77 45
119 - 149 48
32 - 134 26
29 - 42 23
54 - 68 13
7 - 19 30
7 - 53 40
13 - 32 45
103 - 104 26
116 - 103 50
114 - 96 18
121 - 16 16
162 - 19 17
102 - 114 12
8 - 29 14
54 - 53 25
10 - 47 17
184 - 69 3
26 - 88 35
31 - 41 12
26 - 7 2
35 - 9 4
76 - 52 37
43 - 15 7
159 - 109 2
41 - 16 25
99 - 96 13
144 - 70 18
36 - 92 21
109 - 35 9
66 - 122 24
166 - 163 16
3 - 28 36
29 - 3 1
153 - 167 16
143 - 44 3
22 - 55 1
56 - 74 46
3 - 1 18
3 - 16 28
153 - 28 47
173 - 106 46
5 - 4 19
110 - 55 48
58 - 151 19
14 - 64 0
160 - 196 33
82 - 85 6
127 - 177 15
62 - 160 6
53 - 153 19
179 - 7 42
1 - 2 37
70 - 95 46
85 - 94 11
72 - 25 36
138 - 32 14
51 - 79 2
93 - 68 27
187 - 157 47
153 - 150 15
141 - 30 23
181 - 97 12
27 - 79 19
8 - 5 37
82 - 175 37
65 - 66 25
106 - 107 50
4 - 10 6
100 - 46 26
69 - 168 29
67 - 165 15
67 - 64 32
47 - 121 49
38 - 95 6
95 - 19 26
89 - 94 5
76 - 34 47
173 - 61 40
60 - 62 40
54 - 64 44
2 - 39 40
105 - 171 2
35 - 69 27
177 - 80 42
54 - 4 43
9 - 84 23
141 - 15 18
151 - 63 49
103 - 101 21
146 - 7 45
97 - 48 41
57 - 61 6
41 - 127 11
153 - 151 39
54 - 56 2
188 - 138 23
153 - 16 33
57 - 65 7
63 - 89 50
88 - 31 38
12 - 114 0
16 - 52 37
82 - 76 13
13 - 80 4
133 - 126 36
78 - 180 10
5 - 55 45
137 - 140 24
184 - 81 23
132 - 126 48
90 - 170 42
68 - 131 3
69 - 60 47
29 - 152 25
69 - 161 11
115 - 10 40
168 - 97 38
27 - 126 33
60 - 61 38
27 - 76 14
108 - 57 18
28 - 53 44
118 - 121 44
140 - 26 32
13 - 54 17
78 - 27 8
168 - 187 47
1 - 3 23
77 - 187 1
121 - 6 31
105 - 14 13
94 - 67 27
76 - 38 32
13 - 38 15
131 - 103 48
4 - 101 0
175 - 35 7
5 - 100 41
181 - 83 48
40 - 13 17
53 - 28 38
83 - 64 42
10 - 133 46
15 - 29 17
4 - 16 12
90 - 64 38
161 - 120 46
16 - 107 38
31 - 29 35
7 - 27 42
118 - 1 39
30 - 1 48
4 - 129 45
32 - 79 36
53 - 150 20
1 - 2 29
51 - 56 15
103 - 4 44
101 - 151 14
125 - 66 37
78 - 127 29
103 - 100 36
112 - 138 26
7 - 109 16
26 - 80 5
112 - 39 17
82 - 16 10
184 - 84 9
130 - 136 12
137 - 199 9
149 - 171 6
70 - 67 18
106 - 161 44
126 - 133 35
159 - 157 6
8 - 1 3
78 - 90 49
83 - 79 24
176 - 175 0
132 - 194 22
20 - 45 4
88 - 162 39
193 - 147 20
11 - 125 21
158 - 110 48
19 - 21 40
112 - 16 36
109 - 103 50
88 - 187 26
36 - 61 44
123 - 70 13
41 - 14 8
90 - 44 34
85 - 78 47
125 - 102 40
32 - 18 39
165 - 170 17
7 - 26 30
109 - 157 22
67 - 159 29
52 - 55 19
1 - 158 48
23 - 91 38
57 - 120 45
172 - 107 31
45 - 89 22
40 - 2 38
53 - 19 49
17 - 2 15
138 - 139 26
106 - 125 24
16 - 4 45
178 - 175 13
59 - 8 2
131 - 36 1
46 - 64 30
142 - 15 50
14 - 52 15
134 - 137 6
12 - 28 41
36 - 30 20
150 - 103 14
109 - 178 3
29 - 39 35
64 - 69 31
44 - 188 4
128 - 32 43
123 - 46 26
15 - 101 39
49 - 44 27
32 - 129 43
93 - 198 23
116 - 69 44
7 - 1 1
39 - 26 13
156 - 51 37
102 - 5 12
101 - 104 6
190 - 121 35
134 - 135 21
15 - 6 29
121 - 162 34
132 - 33 12
88 - 193 49
11 - 7 50
23 - 144 19
88 - 165 42
80 - 79 43
107 - 169 27
15 - 16 24
150 - 156 17
7 - 73 3
78 - 15 16
140 - 139 44
28 - 20 15
82 - 41 33
72 - 51 3
105 - 57 37
176 - 151 48
7 - 51 31
69 - 18 15
74 - 62 22
63 - 59 15
21 - 145 15
81 - 56 13
9 - 121 16
82 - 79 12
118 - 125 24
127 - 26 22
153 - 106 8
77 - 89 34
83 - 38 48
36 - 75 1
55 - 10 42
111 - 118 41
21 - 35 47
190 - 126 43
152 - 109 41
3 - 105 18
112 - 13 27
42 - 63 18
106 - 113 27
157 - 58 1
16 - 55 3
69 - 168 41
126 - 125 2
109 - 103 43
9 - 28 20
178 - 157 1
138 - 140 47
1 - 38 1
63 - 175 27
152 - 103 33
172 - 144 2
150 - 153 24
65 - 19 27
146 - 136 0
52 - 67 23
171 - 108 44
101 - 29 42
70 - 66 19
127 - 118 9
89 - 83 12
2 - 77 6
181 - 57 20
1 - 55 26
153 - 134 26
1 - 114 15
60 - 156 28
87 - 54 0
144 - 100 42
136 - 93 38
16 - 10 48
198 - 86 6
90 - 191 9
188 - 162 50
178 - 166 2
75 - 85 12
104 - 5 38
102 - 7 18
183 - 84 6
182 - 34 31
79 - 80 21
26 - 132 11
100 - 91 32
180 - 81 40
106 - 111 43
1 - 15 21
152 - 103 4
115 - 149 13
157 - 170 17
62 - 7 49
63 - 176 38
29 - 115 45
53 - 7 13
184 - 159 0
1 - 5 49
94 - 44 17
6 - 12 28
108 - 161 48
4 - 105 11
38 - 32 12
26 - 128 6
181 - 150 26
33 - 55 36
1 - 13 19
70 - 129 5
120 - 112 49
196 - 192 14
36 - 28 9
160 - 3 40
53 - 51 9
160 - 162 9
167 - 81 49
125 - 38 3
137 - 161 50
151 - 161 50
63 - 70 17
91 - 54 39
9 - 150 50
103 - 2 7
85 - 32 40
72 - 71 22
32 - 128 16
1 - 26 9
38 - 41 40
85 - 77 44
5 - 40 10
57 - 32 4
159 - 167 16
10 - 178 40
31 - 134 5
65 - 105 48
97 - 13 15
44 - 112 44
97 - 100 32
22 - 10 23
52 - 65 50
169 - 66 7
51 - 87 4
32 - 153 21
111 - 12 1
35 - 42 21
125 - 16 40
29 - 128 15
127 - 177 17
69 - 7 38
167 - 177 42
112 - 100 30
2 - 23 39
80 - 26 20
181 - 81 2
148 - 125 14
40 - 29 21
96 - 81 13
63 - 57 21
102 - 117 4
14 - 112 13
14 - 190 24
165 - 128 37
29 - 85 24
38 - 7 41
166 - 30 18
78 - 40 50
20 - 46 14
82 - 193 35
39 - 126 4
55 - 151 12
182 - 79 23
107 - 119 10
39 - 45 27
95 - 146 20
26 - 2 32
57 - 19 20
51 - 162 44
69 - 162 23
108 - 142 7
27 - 32 38
15 - 170 44
65 - 66 50
144 - 137 7
76 - 84 38
125 - 156 10
48 - 144 12
158 - 159 36
8 - 113 5
47 - 48 21
10 - 51 39
37 - 4 20
71 - 9 19
159 - 59 44
82 - 108 17
164 - 152 49
92 - 27 8
134 - 29 1
179 - 178 0
29 - 16 11
26 - 33 2
139 - 109 15
83 - 38 5
37 - 98 44
9 - 65 39
104 - 5 36
13 - 127 42
14 - 27 45
18 - 60 43
104 - 4 4
103 - 156 17
115 - 189 40
44 - 115 7
29 - 104 25
151 - 126 4
125 - 108 13
175 - 68 3
85 - 3 9
89 - 100 29
182 - 132 35
29 - 151 19
155 - 126 4
76 - 189 48
118 - 7 48
10 - 18 31
82 - 76 10
77 - 78 42
23 - 4 28
103 - 4 19
186 - 47 9
46 - 18 28
40 - 38 28
16 - 9 46
106 - 3 8
71 - 15 7
180 - 165 19
115 - 44 32
82 - 159 19
60 - 184 7
114 - 59 0
102 - 4 30
30 - 2 10
27 - 1 46
126 - 131 3
106 - 132 30
25 - 85 27
177 - 156 0
44 - 32 1
116 - 6 5
41 - 19 25
69 - 38 41
6 - 3 22
105 - 12 10
175 - 55 29
1 - 28 21
134 - 118 50
53 - 102 33
128 - 32 44
100 - 139 32
106 - 100 27
47 - 29 15
79 - 69 34
28 - 21 26
159 - 107 3
79 - 125 6
143 - 118 7
116 - 103 18
91 - 77 26
168 - 19 22
34 - 9 40
177 - 128 45
45 - 143 30
21 - 69 8
106 - 133 41
100 - 165 16
78 - 43 2
26 - 90 49
41 - 115 18
145 - 41 39
113 - 9 46
26 - 175 24
13 - 115 45
125 - 168 5
78 - 3 48
94 - 141 45
158 - 127 33
69 - 32 32
27 - 9 11
66 - 97 0
72 - 64 44
26 - 28 48
32 - 50 12
33 - 29 19
85 - 88 3
38 - 175 22
149 - 166 17
172 - 79 30
144 - 190 1
7 - 58 25
4 - 10 17
22 - 135 27
8 - 4 10
44 - 7 45
133 - 130 36
106 - 14 41
100 - 165 7
103 - 118 6
4 - 65 3
102 - 138 5
143 - 195 38
151 - 104 50
41 - 178 15
91 - 55 47
102 - 163 35
81 - 29 32
103 - 105 39
8 - 158 20
112 - 168 15
15 - 1 5
156 - 124 16
139 - 43 48
61 - 107 8
2 - 78 41
60 - 19 7
18 - 19 17
4 - 40 43
139 - 90 19
49 - 32 16
199 - 193 29
83 - 185 36
67 - 81 35
181 - 107 46
138 - 168 25
16 - 13 38
19 - 113 19
18 - 105 36
105 - 62 20
75 - 20 14
41 - 13 15
115 - 168 16
176 - 126 34
112 - 7 28
164 - 53 40
156 - 19 36
13 - 15 12
125 - 153 9
4 - 54 33
8 - 19 33
27 - 6 15
23 - 135 19
5 - 41 6
112 - 125 42
13 - 22 43
197 - 194 22
105 - 103 39
130 - 134 33
134 - 162 40
106 - 109 49
35 - 63 21
1 - 78 36
66 - 42 10
103 - 54 49
190 - 168 14
170 - 95 41
32 - 31 26
47 - 44 46
166 - 41 7
20 - 51 23
78 - 175 29
107 - 13 29
156 - 150 50
9 - 60 35
35 - 9 50
124 - 107 50
154 - 169 8
1 - 150 41
100 - 27 0
37 - 10 25
139 - 39 8
7 - 19 3
26 - 38 20
16 - 134 22
106 - 115 0
158 - 55 7
9 - 87 23
76 - 75 41
77 - 33 49
35 - 21 10
95 - 94 6
153 - 161 21
115 - 66 34
154 - 112 22
14 - 114 33
13 - 44 10
38 - 79 13
19 - 106 49
154 - 55 49
71 - 177 7
54 - 79 9
144 - 188 27
101 - 10 24
112 - 103 12
16 - 19 1
29 - 32 34
72 - 94 15
45 - 190 50
41 - 175 13
157 - 72 8
60 - 56 6
184 - 30 29
199 - 94 35
29 - 33 10
68 - 66 43
57 - 156 19
114 - 103 49
132 - 115 39
28 - 26 4
3 - 31 33
51 - 53 33
100 - 24 28
16 - 153 36
4 - 2 22
1 - 89 24
190 - 55 27
147 - 198 16
63 - 76 9
66 - 103 38
102 - 142 12
113 - 101 18
30 - 55 47
37 - 4 44
51 - 63 41
84 - 37 47
52 - 27 1
22 - 106 39
102 - 51 27
101 - 179 12
79 - 155 27
125 - 13 23
199 - 32 18
7 - 76 20
59 - 40 37
175 - 160 7
128 - 30 6
102 - 76 46
110 - 109 42
12 - 105 11
137 - 35 46
14 - 16 8
7 - 159 25
7 - 14 11
114 - 12 32
74 - 54 22
66 - 14 19
118 - 121 16
144 - 197 48
143 - 178 14
127 - 128 18
134 - 125 24
110 - 104 6
10 - 2 27
57 - 155 32
177 - 152 9
27 - 30 34
10 - 13 10
4 - 26 5
88 - 44 36
52 - 19 35
167 - 88 42
182 - 40 35
82 - 51 40
154 - 42 2
31 - 32 35
177 - 160 19
106 - 108 25
53 - 7 17
9 - 111 14
103 - 100 42
27 - 13 2
121 - 134 14
69 - 63 47
164 - 170 43
108 - 35 37
138 - 12 44
106 - 84 5
102 - 189 13
106 - 7 2
38 - 1 35
77 - 144 13
60 - 22 11
176 - 100 5
2 - 83 41
120 - 107 9
114 - 112 39
123 - 9 44
63 - 66 36
33 - 45 40
103 - 104 26
17 - 116 18
13 - 40 26
79 - 53 15
166 - 104 14
123 - 171 36
71 - 10 42
26 - 51 39
4 - 1 36
127 - 107 32
64 - 89 42
35 - 134 31
29 - 26 25
91 - 190 29
42 - 103 22
27 - 7 35
22 - 47 6
21 - 120 41
126 - 44 10
15 - 46 22
82 - 44 50
67 - 72 36
100 - 188 12
28 - 40 19
164 - 110 48
40 - 149 50
48 - 41 14
47 - 12 20
186 - 159 3
114 - 102 30
17 - 104 5
54 - 63 31
190 - 72 17
19 - 11 6
37 - 35 21
32 - 51 32
152 - 85 32
41 - 47 0
175 - 140 8
4 - 17 8
4 - 103 6
28 - 4 5
166 - 30 36
101 - 2 47
5 - 2 43
191 - 144 0
51 - 88 2
30 - 123 22
76 - 125 19
162 - 160 47
8 - 51 49
64 - 137 33
133 - 183 11
127 - 30 10
194 - 156 4
136 - 161 48
11 - 32 31
20 - 45 4
133 - 35 21
81 - 78 22
5 - 4 14
1 - 106 8
41 - 103 24
4 - 32 41
9 - 162 21
93 - 164 42
62 - 61 43
79 - 78 6
101 - 151 21
153 - 68 9
100 - 118 34
121 - 66 13
159 - 153 24
23 - 185 27
26 - 7 44
150 - 76 9
94 - 196 30
52 - 54 28
8 - 58 42
47 - 38 4
35 - 187 47
69 - 1 7
54 - 153 9
60 - 4 9
94 - 166 4
110 - 157 42
22 - 146 49
23 - 32 27
12 - 123 49
103 - 131 21
103 - 134 42
198 - 74 18
90 - 71 25
57 - 51 38
165 - 162 15
107 - 23 33
60 - 88 48
97 - 29 35
147 - 166 43
108 - 28 48
6 - 4 10
68 - 15 20
32 - 76 23
67 - 88 32
14 - 134 11
67 - 141 24
88 - 175 6
76 - 78 19
19 - 63 42
52 - 7 49
176 - 86 35
126 - 107 47
153 - 1 2
62 - 9 24
53 - 58 2
84 - 92 26
42 - 50 41
102 - 162 28
55 - 149 33
175 - 177 6
170 - 120 8
103 - 165 37
103 - 55 3
74 - 72 44
44 - 168 42
107 - 1 43
4 - 147 25
4 - 101 38
1 - 51 41
43 - 50 21
109 - 166 39
24 - 85 19
111 - 109 25
15 - 129 45
63 - 13 3
44 - 32 24
114 - 156 35
44 - 4 2
12 - 32 46
121 - 19 21
175 - 150 43
72 - 71 16
29 - 77 49
163 - 61 48
179 - 5 36
110 - 11 14
35 - 100 45
195 - 92 47
69 - 152 34
4 - 1 21
44 - 46 37
100 - 105 4
112 - 108 16
56 - 11 14
65 - 56 24
177 - 152 44
20 - 83 30
118 - 120 34
106 - 44 24
99 - 96 41
2 - 115 38
108 - 125 3
118 - 22 0
57 - 9 37
119 - 115 33
59 - 51 18
133 - 134 0
70 - 153 29
103 - 13 25
103 - 31 50
80 - 88 33
51 - 15 43
105 - 4 22
44 - 94 0
121 - 178 30
161 - 60 44
182 - 151 35
2 - 60 3
3 - 22 26
181 - 115 50
187 - 106 33
44 - 131 44
24 - 116 37
76 - 45 15
102 - 53 17
115 - 16 48
1 - 26 38
158 - 4 26
1 - 103 1
53 - 100 34
3 - 6 12
38 - 100 5
115 - 165 43
162 - 176 27
116 - 17 19
71 - 63 29
183 - 177 46
20 - 102 46
9 - 59 23
38 - 41 9
40 - 18 41
105 - 38 0
132 - 107 7
148 - 198 45
46 - 127 16
3 - 51 16
86 - 33 36
122 - 72 31
118 - 119 46
89 - 125 40
13 - 22 26
16 - 100 16
80 - 56 31
17 - 43 22
7 - 16 8
113 - 166 36
40 - 47 9
85 - 131 9
104 - 113 35
158 - 131 3
168 - 108 15
83 - 24 9
138 - 194 43
63 - 51 4
153 - 116 14
171 - 101 0
3 - 84 1
18 - 105 15
59 - 9 28
116 - 103 8
5 - 27 39
143 - 121 15
3 - 40 9
23 - 5 17
128 - 134 13
4 - 78 45
106 - 153 1
31 - 180 47
73 - 45 23
33 - 47 41
29 - 82 7
100 - 167 31
76 - 47 3
66 - 69 27
4 - 55 4
88 - 32 35
6 - 5 12
2 - 36 45
75 - 72 8
26 - 1 45
34 - 119 36
73 - 60 23
26 - 137 21
175 - 138 2
12 - 47 11
12 - 4 4
109 - 106 20
114 - 65 48
81 - 90 16
156 - 105 28
27 - 4 42
40 - 118 23
97 - 151 10
85 - 27 13
1 - 81 18
2 - 52 17
26 - 53 2
71 - 78 9
71 - 47 50
7 - 121 47
157 - 184 46
54 - 56 43
9 - 59 32
151 - 175 19
69 - 26 34
7 - 35 31
178 - 6 50
63 - 66 38
32 - 26 2
118 - 113 43
118 - 160 34
65 - 164 44
134 - 132 24
4 - 28 5
14 - 140 33
38 - 44 31
81 - 54 42
108 - 109 14
84 - 137 2
1 - 10 44
48 - 79 7
23 - 41 20
57 - 78 15
100 - 60 21
122 - 95 23
103 - 100 25
152 - 144 13
134 - 88 6
65 - 112 12
54 - 97 8
74 - 34 3
7 - 103 44
1 - 26 12
137 - 185 33
54 - 30 49
118 - 193 6
181 - 134 13
7 - 134 19
165 - 179 21
1 - 2 11
62 - 156 8
182 - 101 28
69 - 13 3
151 - 159 14
28 - 106 43
118 - 1 45
168 - 69 22
90 - 40 42
187 - 128 4
121 - 143 38
122 - 116 8
72 - 60 44
179 - 55 10
175 - 161 24
91 - 72 31
140 - 38 0
59 - 28 24
18 - 75 11
41 - 31 24
31 - 56 14
76 - 69 0
125 - 78 30
94 - 133 28
69 - 70 38
72 - 19 26
7 - 8 36
32 - 63 3
103 - 180 5
164 - 68 10
51 - 78 35
30 - 179 3
134 - 84 36
28 - 82 48
89 - 94 6
84 - 85 30
131 - 35 15
22 - 16 6
57 - 35 32
71 - 52 25
53 - 13 28
178 - 110 22
28 - 1 19
63 - 1 1
117 - 3 24
2 - 27 1
112 - 156 50
24 - 4 22
79 - 82 28
80 - 52 27
103 - 106 12
53 - 59 41
60 - 31 19
150 - 184 11
31 - 87 4
76 - 79 3
111 - 116 9
155 - 3 21
179 - 79 24
69 - 16 2
63 - 64 16
35 - 36 22
76 - 59 19
27 - 151 36
115 - 112 36
114 - 190 47
107 - 5 39
69 - 7 44
52 - 85 22
89 - 125 6
168 - 164 18
107 - 10 42
101 - 159 18
73 - 22 4
18 - 123 49
81 - 4 35
16 - 115 3
106 - 103 50
175 - 154 14
18 - 54 10
43 - 31 50
181 - 150 11
100 - 150 26
150 - 144 35
41 - 76 17
26 - 1 12
36 - 32 50
29 - 28 10
81 - 91 1
105 - 6 40
157 - 69 22
101 - 113 41
126 - 159 46
64 - 151 21
150 - 113 32
113 - 106 31
100 - 131 5
141 - 119 33
38 - 112 12
121 - 72 24
1 - 4 5
33 - 27 46
29 - 100 15
38 - 54 37
3 - 114 4
103 - 109 27
79 - 29 11
150 - 51 9
101 - 107 19
81 - 50 25
90 - 18 50
125 - 48 16
115 - 43 33
71 - 100 13
51 - 78 50
1 - 19 5
51 - 56 6
137 - 125 5
7 - 103 34
38 - 16 35
10 - 8 11
17 - 26 35
19 - 169 34
45 - 10 11
15 - 6 34
109 - 5 32
46 - 15 25
6 - 105 49
24 - 12 21
60 - 4 35
47 - 91 39
72 - 195 33
19 - 13 50
181 - 9 15
4 - 16 41
47 - 17 21
53 - 167 6
93 - 60 36
50 - 49 48
53 - 158 33
22 - 24 22
135 - 119 1
52 - 51 41
63 - 51 48
46 - 196 21
181 - 93 37
163 - 165 40
22 - 19 32
125 - 63 29
29 - 79 11
179 - 172 30
171 - 50 31
109 - 108 44
101 - 151 8
74 - 12 28
6 - 32 43
13 - 102 10
77 - 126 5
71 - 74 9
12 - 9 21
134 - 143 9
188 - 39 31
28 - 44 5
64 - 95 39
80 - 155 16
53 - 189 30
123 - 75 22
31 - 26 22
158 - 66 5
56 - 51 23
45 - 95 8
87 - 71 13
22 - 73 8
31 - 87 21
8 - 20 8
4 - 8 43
24 - 136 1
121 - 63 7
69 - 22 9
38 - 47 48
53 - 83 31
55 - 20 20
171 - 66 26
110 - 104 34
64 - 63 9
4 - 42 48
175 - 163 40
132 - 2 10
32 - 79 15
138 - 118 30
71 - 75 43
32 - 127 39
90 - 46 21
52 - 26 13
107 - 5 1
64 - 41 50
192 - 189 34
40 - 159 33
79 - 188 24
155 - 136 31
69 - 91 46
110 - 150 42
16 - 27 32
54 - 60 26
86 - 79 45
100 - 162 46
163 - 194 18
112 - 54 5
29 - 67 7
6 - 31 16
140 - 153 44
175 - 76 9
94 - 101 42
195 - 177 6
3 - 112 6
44 - 5 20
18 - 26 32
94 - 137 39
66 - 72 21
50 - 100 10
190 - 196 18
48 - 54 3
54 - 51 26
106 - 9 13
22 - 8 4
19 - 23 25
104 - 35 38
8 - 58 32
63 - 81 26
99 - 187 33
54 - 64 26
144 - 170 27
181 - 7 38
107 - 7 10
79 - 56 35
141 - 42 10
33 - 5 47
49 - 62 26
14 - 64 46
76 - 54 43
60 - 4 40
33 - 72 7
4 - 158 15
19 - 46 20
80 - 154 10
39 - 64 50
6 - 4 2
100 - 131 14
97 - 135 49
132 - 26 25
54 - 156 5
80 - 92 16
131 - 183 26
16 - 72 6
69 - 165 7
142 - 41 40
53 - 187 0
6 - 15 4
90 - 99 22
8 - 22 33
23 - 17 2
106 - 10 23
61 - 60 3
37 - 12 43
2 - 52 2
35 - 36 13
106 - 32 16
30 - 79 15
126 - 77 12
187 - 88 14
16 - 68 41
106 - 125 8
125 - 150 6
51 - 57 47
37 - 1 45
66 - 65 28
7 - 6 23
106 - 109 45
190 - 156 27
29 - 131 47
132 - 126 27
152 - 54 30
21 - 88 17
16 - 7 2
85 - 99 12
131 - 39 14
168 - 162 25
10 - 7 7
102 - 12 36
120 - 118 9
16 - 116 2
125 - 100 1
64 - 13 41
102 - 114 13
139 - 140 30
67 - 66 6
188 - 95 38
162 - 63 7
165 - 4 1
32 - 26 26
118 - 104 8
140 - 38 14
168 - 78 32
153 - 57 3
101 - 134 41
7 - 3 16
180 - 61 4
3 - 32 11
44 - 69 26
154 - 55 40
117 - 111 2
109 - 6 33
60 - 54 47
121 - 22 46
106 - 156 1
94 - 43 31
105 - 112 30
155 - 5 42
3 - 1 1
100 - 158 13
72 - 185 5
134 - 128 47
128 - 129 27
95 - 78 32
16 - 81 48
15 - 20 38
191 - 190 13
118 - 168 24
55 - 165 13
88 - 133 35
59 - 24 11
140 - 109 49
101 - 102 8
28 - 32 50
60 - 54 1
38 - 44 5
11 - 61 9
91 - 54 47
43 - 130 7
9 - 53 9
180 - 81 13
1 - 126 35
166 - 184 29
2 - 5 21
97 - 95 19
173 - 8 35
73 - 165 8
185 - 52 16
7 - 5 46
47 - 68 1
137 - 162 7
53 - 51 39
106 - 126 28
159 - 150 20
38 - 2 10
4 - 36 39
137 - 125 42
12 - 87 34
78 - 43 35
18 - 106 25
115 - 114 38
130 - 151 21
190 - 170 15
89 - 29 12
120 - 137 32
91 - 97 11
76 - 94 32
13 - 125 18
16 - 115 5
112 - 100 16
21 - 22 42
35 - 29 7
191 - 142 34
31 - 35 0
16 - 96 12
34 - 46 13
108 - 183 29
1 - 26 18
48 - 11 46
18 - 24 46
104 - 156 48
22 - 112 14
16 - 85 27
96 - 123 25
63 - 44 17
118 - 143 35
16 - 92 2
115 - 152 46
44 - 94 27
153 - 103 17
114 - 25 33
33 - 105 5
163 - 154 36
177 - 152 44
35 - 83 0
141 - 54 21
180 - 153 36
7 - 55 6
112 - 4 13
31 - 41 2
2 - 27 43
1 - 56 13
3 - 59 29
179 - 137 40
153 - 58 6
165 - 4 25
80 - 29 22
89 - 92 10
35 - 111 28
101 - 1 11
26 - 77 5
16 - 18 34
127 - 139 23
48 - 82 19
47 - 77 4
39 - 2 22
7 - 8 38
16 - 17 49
8 - 2 21
66 - 146 4
114 - 45 20
35 - 9 50
103 - 104 15
9 - 29 42
41 - 66 5
18 - 13 20
103 - 127 21
53 - 17 18
29 - 125 10
5 - 2 36
24 - 22 48
4 - 16 38
153 - 103 4
101 - 1 24
12 - 74 46
35 - 6 6
101 - 113 49
60 - 56 31
9 - 104 0
57 - 29 15
12 - 18 48
60 - 8 4
44 - 35 27
155 - 153 49
187 - 142 39
101 - 106 27
106 - 51 41
156 - 69 20
32 - 162 12
70 - 13 3
7 - 117 26
153 - 54 42
64 - 86 7
153 - 52 15
99 - 139 42
49 - 22 12
63 - 95 8
14 - 16 43
109 - 146 24
108 - 123 46
171 - 172 47
150 - 140 3
137 - 20 12
173 - 111 14
181 - 100 48
60 - 85 40
103 - 53 17
91 - 17 3
60 - 84 38
80 - 89 2
196 - 22 24
80 - 184 49
54 - 12 2
52 - 26 48
27 - 88 29
3 - 105 39
111 - 147 19
151 - 193 6
8 - 109 24
46 - 7 21
6 - 23 3
16 - 146 27
46 - 199 34
84 - 10 33
2 - 4 3
23 - 115 17
55 - 104 48
129 - 184 47
150 - 53 3
169 - 165 5
93 - 31 46
28 - 56 37
198 - 91 33
160 - 11 18
102 - 151 31
2 - 20 41
32 - 28 10
33 - 2 36
16 - 12 12
85 - 5 48
91 - 41 13
10 - 1 3
190 - 40 9
80 - 129 7
139 - 114 49
168 - 65 11
151 - 152 44
20 - 83 24
127 - 128 45
13 - 120 8
153 - 57 42
128 - 41 13
44 - 48 34
194 - 126 49
14 - 13 25
60 - 62 38
99 - 173 24
28 - 3 50
57 - 10 38
16 - 153 18
54 - 111 12
158 - 157 17
126 - 175 43
191 - 116 26
109 - 140 11
7 - 106 6
32 - 85 20
30 - 26 44
111 - 101 9
166 - 104 24
109 - 129 17
100 - 150 8
93 - 91 25
54 - 132 1
116 - 52 37
92 - 89 49
10 - 153 40
51 - 29 15
74 - 42 23
190 - 29 30
151 - 126 12
54 - 102 48
10 - 135 32
108 - 37 47
1 - 100 15
181 - 60 2
88 - 76 31
178 - 168 25
19 - 4 49
156 - 153 11
88 - 145 30
118 - 121 36
103 - 178 25
180 - 56 27
101 - 4 21
44 - 75 8
51 - 79 24
112 - 143 4
2 - 1 12
121 - 14 18
94 - 18 13
104 - 171 10
19 - 59 16
3 - 15 10
3 - 6 34
113 - 4 49
64 - 55 16
52 - 20 39
22 - 165 34
167 - 190 36
151 - 157 33
126 - 141 13
125 - 146 16
20 - 22 44
2 - 77 39
101 - 4 11
88 - 13 33
1 - 51 16
91 - 88 2
27 - 39 22
38 - 26 44
169 - 7 36
19 - 18 28
19 - 178 33
182 - 47 29
68 - 69 34
157 - 101 39
54 - 42 43
91 - 40 39
4 - 17 2
18 - 13 40
60 - 32 24
18 - 79 48
118 - 71 29
61 - 69 3
47 - 146 17
150 - 100 19
162 - 69 12
89 - 77 19
62 - 103 36
138 - 187 49
162 - 115 45
26 - 5 32
58 - 188 38
18 - 19 18
101 - 102 0
32 - 34 39
106 - 167 5
181 - 57 19
16 - 114 31
76 - 13 43
83 - 182 41
128 - 106 6
24 - 67 3
171 - 96 4
79 - 4 12
2 - 112 33
32 - 97 40
127 - 143 47
78 - 31 1
154 - 41 21
47 - 146 45
6 - 102 29
44 - 126 31
1 - 2 21
136 - 123 8
120 - 21 1
47 - 48 4
154 - 80 47
82 - 134 33
1 - 38 31
108 - 111 50
31 - 79 23
44 - 50 28
82 - 32 16
139 - 187 25
134 - 26 4
109 - 197 22
113 - 20 13
62 - 12 16
22 - 63 44
13 - 16 7
29 - 187 29
196 - 171 22
13 - 168 41
40 - 26 32
26 - 32 42
190 - 32 27
11 - 61 28
9 - 7 41
35 - 135 25
128 - 179 44
10 - 34 37
16 - 28 25
10 - 71 2
48 - 193 48
100 - 57 34
28 - 40 39
34 - 60 47
101 - 182 35
22 - 16 50
194 - 89 47
45 - 188 2
98 - 85 28
3 - 21 50
107 - 132 34
130 - 150 25
16 - 4 13
19 - 24 41
154 - 52 14
116 - 2 21
97 - 19 22
13 - 1 43
94 - 2 25
150 - 153 31
178 - 66 40
5 - 55 4
67 - 2 4
64 - 66 19
29 - 93 50
51 - 53 44
57 - 59 14
154 - 104 5
62 - 85 43
175 - 125 45
140 - 10 42
152 - 171 20
27 - 26 0
190 - 142 40
87 - 55 14
83 - 2 24
15 - 29 24
36 - 38 43
6 - 100 42
165 - 54 50
56 - 180 49
19 - 6 8
19 - 13 50
130 - 26 37
51 - 54 46
18 - 24 30
162 - 69 14
183 - 54 26
130 - 31 3
164 - 109 43
43 - 13 25
2 - 64 25
138 - 63 4
86 - 128 50
131 - 189 24
101 - 103 38
63 - 57 8
85 - 125 43
105 - 17 46
51 - 157 48
114 - 65 18
32 - 184 44
188 - 2 39
8 - 26 28
163 - 41 47
4 - 131 0
101 - 167 23
35 - 82 23
62 - 19 22
115 - 7 48
78 - 1 27
66 - 69 27
174 - 171 24
57 - 54 34
54 - 41 12
61 - 57 40
79 - 165 15
159 - 171 38
153 - 154 39
16 - 77 5
7 - 1 30
13 - 160 49
166 - 153 8
26 - 126 28
131 - 118 17
31 - 136 42
38 - 47 47
19 - 5 13
178 - 6 37
85 - 51 42
181 - 35 2
11 - 8 7
31 - 34 46
94 - 63 31
123 - 7 10
123 - 24 29
52 - 101 34
146 - 134 43
12 - 62 29
106 - 118 17
8 - 7 1
64 - 49 36
55 - 104 2
181 - 47 4
140 - 121 12
6 - 111 31
105 - 40 47
112 - 150 3
194 - 77 30
14 - 4 37
19 - 94 25
87 - 99 34
14 - 137 42
44 - 29 14
75 - 19 23
189 - 85 8
68 - 62 5
115 - 88 36
56 - 100 27
7 - 105 22
134 - 131 29
41 - 4 4
55 - 79 48
7 - 125 46
78 - 51 35
189 - 91 7
4 - 115 36
131 - 145 6
100 - 124 11
112 - 63 7
80 - 27 15
156 - 175 34
59 - 8 10
113 - 2 5
169 - 166 40
2 - 39 9
101 - 162 6
128 - 133 15
137 - 138 17
10 - 2 7
177 - 81 37
165 - 121 0
168 - 153 39
191 - 165 33
156 - 69 44
155 - 7 37
103 - 106 3
106 - 6 17
101 - 63 17
22 - 63 0
8 - 10 20
60 - 33 40
8 - 106 40
26 - 1 16
18 - 69 12
4 - 10 15
76 - 181 10
103 - 159 46
128 - 109 35
83 - 36 41
19 - 100 21
57 - 69 19
175 - 177 45
153 - 6 23
14 - 116 49
73 - 72 31
59 - 91 26
196 - 81 36
125 - 26 16
57 - 7 36
187 - 129 5
146 - 106 18
79 - 159 4
114 - 138 9
18 - 112 30
132 - 138 32
152 - 158 6
187 - 162 35
160 - 110 30
113 - 109 38
36 - 103 22
85 - 56 43
3 - 31 6
47 - 23 46
12 - 25 28
33 - 77 16
162 - 174 13
153 - 161 10
136 - 180 35
156 - 106 45
104 - 48 20
27 - 29 7
69 - 35 42
77 - 78 14
18 - 16 46
68 - 76 41
49 - 9 47
1 - 31 7
131 - 28 33
16 - 45 43
42 - 79 33
47 - 41 42
120 - 38 48
153 - 79 49
131 - 178 5
190 - 150 36
63 - 162 43
15 - 127 46
136 - 124 38
77 - 1 28
57 - 156 2
165 - 177 16
82 - 76 15
10 - 58 22
3 - 32 10
108 - 92 49
129 - 135 34
26 - 2 33
13 - 32 47
54 - 152 42
104 - 121 40
39 - 114 4
1 - 52 48
141 - 67 34
185 - 184 37
63 - 88 35
76 - 53 13
2 - 38 47
19 - 45 13
30 - 103 18
57 - 79 0
107 - 159 47
1 - 8 1
88 - 76 32
1 - 53 19
159 - 61 19
57 - 106 10
19 - 22 47
112 - 4 6
30 - 112 13
178 - 153 47
66 - 97 39
175 - 76 18
97 - 184 44
126 - 100 46
118 - 143 46
93 - 31 43
67 - 89 1
142 - 127 40
38 - 131 2
51 - 1 38
104 - 29 21
7 - 54 9
32 - 84 38
7 - 106 46
112 - 109 48
142 - 43 34
44 - 19 42
124 - 121 5
46 - 31 8
168 - 196 18
7 - 8 9
134 - 34 29
191 - 80 16
15 - 162 44
101 - 17 50
74 - 62 34
50 - 143 46
165 - 79 3
157 - 134 37
96 - 21 1
29 - 4 21
38 - 128 50
32 - 131 24
79 - 66 31
17 - 128 44
1 - 113 35
55 - 63 43
81 - 100 12
158 - 102 22
60 - 79 35
26 - 80 38
90 - 3 34
107 - 21 50
27 - 9 42
160 - 79 33
72 - 98 1
183 - 91 35
73 - 66 24
57 - 152 12
165 - 158 20
5 - 104 43
12 - 3 40
47 - 121 24
117 - 4 15
67 - 1 23
117 - 115 44
4 - 105 22
141 - 140 13
68 - 65 50
121 - 22 49
41 - 193 32
47 - 121 6
80 - 146 45
47 - 45 25
109 - 8 44
28 - 85 17
20 - 46 30
40 - 32 47
124 - 121 25
154 - 51 46
130 - 128 1
170 - 167 17
53 - 3 18
127 - 29 26
4 - 57 20
100 - 64 17
33 - 60 11
174 - 162 31
148 - 198 17
40 - 42 13
88 - 19 9
82 - 52 47
132 - 175 49
43 - 46 9
21 - 17 10
22 - 129 24
63 - 51 13
119 - 146 32
163 - 124 15
179 - 166 25
27 - 5 30
158 - 155 15
118 - 119 24
189 - 165 49
93 - 100 27
4 - 29 34
7 - 1 16
13 - 15 5
115 - 140 11
51 - 154 13
68 - 110 14
78 - 140 11
66 - 67 11
78 - 137 43
91 - 38 6
115 - 191 3
56 - 156 38
18 - 93 47
151 - 79 42
19 - 126 11
145 - 6 31
107 - 115 14
79 - 66 48
66 - 10 41
112 - 23 7
16 - 4 37
63 - 95 1
35 - 2 2
109 - 104 35
59 - 51 3
26 - 103 13
19 - 106 17
140 - 129 33
106 - 57 2
7 - 104 33
54 - 46 30
162 - 118 50
39 - 27 21
156 - 57 24
120 - 71 40
4 - 19 5
9 - 1 27
3 - 53 39
131 - 183 21
166 - 172 25
150 - 128 47
80 - 181 4
151 - 150 13
29 - 5 42
128 - 10 35
196 - 159 32
96 - 59 39
130 - 127 48
102 - 115 18
59 - 31 12
106 - 115 24
8 - 10 38
107 - 57 7
51 - 76 13
172 - 162 35
150 - 79 33
134 - 178 38
138 - 177 25
76 - 82 39
65 - 89 16
186 - 19 37
28 - 81 39
128 - 79 36
65 - 164 48
170 - 63 30
139 - 29 36
150 - 26 22
1 - 5 18
66 - 150 9
64 - 57 20
128 - 103 39
2 - 1 8
15 - 88 23
93 - 94 7
85 - 62 21
16 - 66 28
106 - 5 7
156 - 168 34
68 - 57 3
33 - 39 25
125 - 28 4
13 - 38 18
143 - 86 11
146 - 118 1
37 - 76 15
177 - 152 45
4 - 51 11
79 - 184 40
157 - 107 8
116 - 44 28
150 - 13 2
26 - 39 31
134 - 33 2
180 - 178 26
7 - 33 41
7 - 1 44
156 - 20 8
181 - 166 28
66 - 178 12
106 - 52 23
16 - 68 10
71 - 96 39
84 - 7 43
100 - 32 20
3 - 113 5
103 - 153 21
29 - 191 21
59 - 22 10
1 - 4 36
114 - 139 36
35 - 28 46
154 - 125 35
55 - 64 29
34 - 76 23
163 - 51 0
101 - 107 46
159 - 187 10
51 - 54 17
176 - 178 36
88 - 11 47
9 - 150 2
10 - 109 20
125 - 26 18
51 - 82 8
171 - 121 2
112 - 106 14
165 - 167 32
45 - 193 48
32 - 31 32
19 - 162 48
60 - 68 13
56 - 170 6
100 - 26 48
15 - 7 7
7 - 2 8
102 - 44 2
177 - 76 8
13 - 113 11
2 - 151 48
125 - 112 2
51 - 102 5
4 - 14 42
172 - 8 35
89 - 69 47
53 - 65 44
189 - 90 40
54 - 60 1
31 - 49 43
147 - 128 2
196 - 115 12
26 - 76 5
102 - 151 12
17 - 31 10
69 - 72 23
2 - 54 48
27 - 38 17
151 - 100 46
8 - 22 24
143 - 45 30
23 - 146 33
100 - 114 6
143 - 115 15
66 - 165 19
10 - 98 33
29 - 16 37
134 - 125 50
20 - 13 49
134 - 79 29
114 - 6 38
26 - 100 7
6 - 167 31
181 - 195 12
131 - 137 16
104 - 132 13
125 - 106 46
26 - 190 47
132 - 157 1
31 - 69 45
29 - 32 5
8 - 39 31
104 - 2 30
127 - 140 10
14 - 170 49
103 - 101 35
44 - 156 39
73 - 64 38
7 - 9 23
103 - 152 48
51 - 10 25
10 - 34 48
52 - 65 16
31 - 34 41
168 - 53 50
122 - 25 43
109 - 110 37
72 - 78 11
114 - 140 18
118 - 34 43
48 - 31 50
37 - 34 38
16 - 19 34
34 - 38 19
176 - 178 28
166 - 17 27
88 - 76 2
104 - 135 47
27 - 129 46
55 - 93 5
60 - 56 11
78 - 150 0
125 - 134 42
57 - 183 10
27 - 32 46
57 - 150 15
10 - 184 3
13 - 63 25
34 - 47 31
26 - 13 36
19 - 57 17
87 - 26 3
109 - 10 10
103 - 106 6
24 - 16 50
6 - 4 13
20 - 21 28
69 - 164 32
51 - 52 17
155 - 32 47
26 - 145 6
33 - 82 24
120 - 133 39
57 - 79 46
116 - 41 48
4 - 13 28
52 - 17 40
32 - 60 22
65 - 4 27
60 - 11 48
110 - 17 48
97 - 60 27
64 - 13 20
162 - 108 32
53 - 126 22
42 - 23 43
19 - 118 38
24 - 96 27
82 - 81 38
116 - 138 4
106 - 112 33
188 - 2 22
173 - 60 23
102 - 125 21
51 - 82 27
3 - 28 6
148 - 130 1
103 - 153 8
100 - 152 12
15 - 16 26
122 - 138 12
130 - 6 45
114 - 103 45
195 - 170 24
8 - 45 13
68 - 53 6
16 - 8 7
47 - 158 29
106 - 22 25
198 - 49 29
14 - 41 6
158 - 102 23
69 - 15 6
57 - 51 21
66 - 16 41
156 - 162 8
121 - 106 30
17 - 69 36
2 - 52 35
42 - 48 11
102 - 3 43
118 - 49 6
121 - 48 10
194 - 179 6
4 - 6 8
63 - 69 39
21 - 59 13
108 - 120 38
10 - 28 42
12 - 111 0
11 - 72 4
15 - 1 14
40 - 1 41
126 - 175 27
106 - 153 15
157 - 113 1
110 - 34 37
34 - 8 25
126 - 100 38
76 - 186 43
7 - 57 3
103 - 153 13
131 - 103 8
158 - 161 3
184 - 109 5
51 - 188 33
121 - 109 23
11 - 10 32
157 - 131 28
92 - 42 43
7 - 9 48
64 - 73 33
130 - 196 14
150 - 63 32
101 - 177 50
17 - 66 50
20 - 5 25
102 - 117 26
86 - 85 14
112 - 25 24
91 - 146 37
140 - 103 33
58 - 181 46
27 - 46 9
185 - 61 21
86 - 129 12
74 - 91 44
150 - 23 48
52 - 159 44
76 - 29 23
1 - 15 50
39 - 27 6
126 - 125 5
35 - 134 27
7 - 69 25
72 - 35 35
18 - 6 25
19 - 171 50
10 - 119 32
23 - 21 21
138 - 139 7
63 - 101 8
127 - 184 46
84 - 76 33
1 - 2 20
69 - 91 29
7 - 4 11
151 - 51 15
102 - 108 36
199 - 99 22
7 - 107 46
29 - 4 44
20 - 101 16
22 - 71 15
21 - 65 41
132 - 129 4
146 - 114 4
61 - 80 19
100 - 78 18
52 - 154 45
7 - 58 28
32 - 10 5
100 - 103 13
13 - 63 11
67 - 165 29
29 - 34 3
28 - 38 47
160 - 60 34
113 - 116 47
38 - 32 41
59 - 10 24
8 - 10 1
183 - 159 15
130 - 62 20
13 - 138 12
51 - 1 27
39 - 4 4
172 - 61 39
161 - 180 11
13 - 14 47
18 - 19 42
51 - 175 13
7 - 3 0
100 - 18 3
176 - 80 43
5 - 66 35
54 - 151 11
6 - 57 44
166 - 161 28
179 - 197 40
2 - 112 32
114 - 165 13
35 - 50 0
106 - 4 7
40 - 120 43
76 - 5 8
20 - 22 26
148 - 137 14
38 - 11 17
76 - 9 31
123 - 19 9
112 - 162 42
3 - 165 13
107 - 161 25
105 - 29 33
34 - 28 22
32 - 29 22
143 - 47 0
143 - 139 21
27 - 1 32
113 - 138 46
2 - 60 32
128 - 47 35
104 - 154 40
32 - 47 33
177 - 140 27
59 - 58 23
7 - 109 45
108 - 139 26
72 - 116 13
7 - 19 29
26 - 151 18
47 - 195 17
15 - 1 10
10 - 1 19
32 - 33 6
103 - 161 31
7 - 8 10
27 - 2 49
4 - 112 15
116 - 61 24
81 - 100 50
54 - 11 3
72 - 160 45
11 - 23 28
40 - 39 42
171 - 66 2
5 - 103 39
153 - 192 36
60 - 152 34
19 - 32 21
38 - 23 36
6 - 57 11
32 - 8 47
161 - 106 3
136 - 137 39
1 - 66 36
81 - 40 30
5 - 113 30
134 - 106 7
123 - 121 16
33 - 32 24
117 - 115 20
13 - 22 7
109 - 100 17
168 - 181 4
76 - 51 29
5 - 103 28
104 - 103 31
100 - 18 3
3 - 18 48
15 - 114 20
4 - 104 5
21 - 10 40
111 - 12 15
1 - 58 0
16 - 193 2
123 - 63 37
42 - 35 41
110 - 85 47
108 - 170 4
161 - 131 40
4 - 54 6
150 - 109 14
31 - 44 34
156 - 184 40
31 - 82 2
162 - 59 32
58 - 60 18
140 - 115 41
134 - 31 22
53 - 56 12
163 - 151 29
117 - 123 8
101 - 106 11
67 - 64 30
29 - 28 29
104 - 38 43
100 - 121 9
125 - 41 11
82 - 152 26
167 - 19 33
29 - 79 2
191 - 155 26
55 - 33 38
137 - 131 28
24 - 72 41
115 - 2 46
16 - 19 20
1 - 76 42
60 - 156 0
16 - 63 16
126 - 8 36
30 - 40 30
145 - 45 4
142 - 140 2
134 - 144 19
155 - 62 15
63 - 69 14
58 - 62 8
102 - 28 12
69 - 97 15
15 - 113 26
72 - 59 43
156 - 139 6
68 - 74 7
175 - 97 34
101 - 150 0
179 - 176 19
51 - 65 21
43 - 50 35
60 - 76 27
41 - 29 22
127 - 178 25
26 - 29 29
118 - 15 48
77 - 184 0
63 - 13 24
9 - 7 50
53 - 59 16
60 - 165 2
65 - 5 43
5 - 101 48
109 - 118 14
138 - 77 6
104 - 181 41
112 - 118 41
58 - 57 13
82 - 181 4
16 - 18 48
1 - 30 49
66 - 93 9
165 - 16 44
88 - 80 33
146 - 196 50
130 - 109 20
2 - 7 16
181 - 126 18
72 - 10 28
33 - 47 48
175 - 195 14
80 - 52 11
133 - 34 26
1 - 105 27
97 - 65 18
40 - 45 14
30 - 2 35
144 - 103 8
110 - 169 31
119 - 19 20
115 - 17 15
133 - 32 22
13 - 3 1
13 - 89 26
58 - 63 40
94 - 96 18
105 - 12 32
1 - 139 34
3 - 1 44
7 - 13 23
15 - 117 44
7 - 69 43
107 - 106 49
1 - 63 41
100 - 164 20
102 - 159 29
4 - 27 10
14 - 5 34
4 - 176 11
40 - 96 43
146 - 131 33
85 - 67 10
168 - 146 39
96 - 84 35
66 - 71 32
115 - 64 18
26 - 13 44
186 - 195 36
65 - 68 7
95 - 67 10
10 - 19 36
17 - 30 30
103 - 156 9
18 - 3 27
29 - 13 6
102 - 3 27
89 - 76 5
67 - 73 4
113 - 76 20
57 - 10 8
169 - 70 9
128 - 178 39
117 - 115 6
184 - 143 38
1 - 33 35
7 - 26 28
163 - 162 15
4 - 31 45
20 - 70 11
26 - 134 25
142 - 175 22
35 - 146 48
88 - 51 31
1 - 32 15
24 - 121 16
177 - 182 47
7 - 47 27
10 - 85 38
19 - 10 42
49 - 136 24
122 - 119 3
137 - 148 47
12 - 4 40
175 - 129 39
13 - 38 36
63 - 153 35
26 - 55 28
137 - 184 44
108 - 138 22
76 - 150 10
150 - 7 7
100 - 102 22
78 - 126 47
84 - 79 19
2 - 4 25
101 - 138 31
147 - 44 10
130 - 128 45
30 - 5 12
126 - 150 1
105 - 13 29
165 - 177 34
62 - 85 11
2 - 38 19
142 - 44 46
91 - 54 15
97 - 52 41
156 - 130 25
16 - 115 38
44 - 88 17
28 - 130 1
132 - 144 20
64 - 162 22
173 - 169 29
39 - 176 19
129 - 38 45
38 - 150 32
141 - 26 0
91 - 197 10
93 - 40 28
153 - 51 21
35 - 132 36
3 - 4 0
106 - 153 6
85 - 95 31
29 - 38 32
103 - 116 2
10 - 46 43
46 - 59 29
34 - 15 39
133 - 191 44
22 - 44 0
156 - 100 11
125 - 152 30
19 - 64 18
193 - 43 36
33 - 7 46
149 - 82 39
150 - 162 47
27 - 153 36
183 - 152 28
153 - 106 22
136 - 35 44
1 - 6 42
134 - 154 31
127 - 115 14
4 - 2 19
128 - 127 21
109 - 150 5
9 - 111 33
60 - 156 20
8 - 52 16
1 - 2 16
88 - 178 24
8 - 22 47
2 - 75 3
122 - 115 10
156 - 57 22
75 - 124 16
137 - 74 13
54 - 155 17
159 - 54 12
72 - 22 44
2 - 27 46
137 - 26 42
99 - 97 47
165 - 152 34
44 - 91 1
7 - 1 18
123 - 49 29
5 - 30 17
169 - 163 16
13 - 40 43
68 - 155 10
111 - 134 25
144 - 137 28
76 - 137 26
105 - 79 14
12 - 10 47
117 - 64 6
5 - 185 50
2 - 69 45
56 - 54 46
18 - 15 14
40 - 187 40
150 - 181 47
101 - 112 30
81 - 96 1
77 - 140 18
48 - 19 46
63 - 4 34
20 - 45 36
1 - 2 50
195 - 102 4
194 - 145 13
37 - 12 42
66 - 16 9
68 - 115 20
56 - 6 33
36 - 10 34
150 - 76 32
53 - 102 49
52 - 76 47
7 - 19 29
134 - 38 21
172 - 193 31
88 - 78 12
5 - 103 0
9 - 37 50
152 - 1 43
52 - 79 27
38 - 170 20
168 - 163 37
151 - 100 48
24 - 21 36
19 - 13 5
127 - 139 19
109 - 108 27
5 - 52 32
188 - 103 34
87 - 126 33
137 - 190 3
74 - 70 41
121 - 170 44
112 - 111 19
58 - 66 23
87 - 130 17
99 - 74 2
96 - 44 4
76 - 103 27
8 - 144 1
1 - 57 20
115 - 20 44
103 - 10 26
101 - 107 13
91 - 42 11
27 - 2 27
19 - 21 48
18 - 69 10
184 - 160 2
29 - 85 15
13 - 7 33
109 - 154 35
110 - 101 8
18 - 105 22
2 - 77 14
117 - 100 10
121 - 24 13
60 - 61 23
42 - 31 8
156 - 111 23
115 - 118 3
40 - 189 8
78 - 7 20
120 - 152 35
63 - 45 25
55 - 77 8
138 - 141 21
1 - 100 9
53 - 125 32
45 - 41 45
88 - 55 43
58 - 10 5
102 - 9 10
41 - 56 25
153 - 165 4
63 - 107 49
92 - 188 6
106 - 103 50
3 - 41 42
39 - 163 49
6 - 1 8
168 - 171 3
6 - 18 4
52 - 176 29
65 - 15 37
91 - 93 25
119 - 116 32
160 - 112 44
198 - 123 33
188 - 119 24
2 - 163 39
143 - 41 2
1 - 8 34
35 - 45 31
161 - 171 1
7 - 64 15
4 - 61 33
85 - 82 9
153 - 168 35
58 - 87 33
8 - 66 43
123 - 111 28
80 - 54 37
7 - 30 25
95 - 55 8
1 - 100 10
68 - 162 18
51 - 20 26
115 - 165 44
13 - 26 33
130 - 152 2
156 - 57 7
115 - 171 14
134 - 107 5
4 - 11 26
82 - 79 44
33 - 86 37
140 - 121 16
121 - 112 16
7 - 1 31
21 - 13 33
75 - 168 50
153 - 112 41
22 - 60 26
66 - 93 31
137 - 188 25
35 - 81 46
35 - 34 49
40 - 35 46
8 - 33 40
109 - 14 7
187 - 140 0
32 - 8 7
115 - 112 46
115 - 10 5
133 - 145 4
163 - 103 31
60 - 13 37
34 - 38 6
193 - 98 45
110 - 29 47
184 - 87 28
116 - 48 17
112 - 103 35
9 - 159 41
8 - 60 35
119 - 19 8
21 - 120 23
38 - 88 29
162 - 163 8
17 - 39 7
100 - 112 46
103 - 4 22
16 - 2 18
118 - 26 26
68 - 148 35
104 - 62 33
28 - 1 46
165 - 112 45
117 - 93 36
127 - 30 28
195 - 90 40
57 - 81 5
169 - 49 38
76 - 79 39
72 - 60 26
5 - 10 19
132 - 106 31
166 - 162 48
171 - 173 6
156 - 153 11
137 - 146 9
31 - 54 0
128 - 126 25
19 - 2 49
118 - 115 8
41 - 38 7
131 - 130 22
60 - 34 46
10 - 102 29
1 - 51 34
29 - 28 28
46 - 28 26
120 - 158 6
6 - 106 43
134 - 139 1
54 - 156 42
126 - 77 24
114 - 30 16
107 - 115 28
51 - 66 11
143 - 120 0
159 - 184 6
80 - 44 42
93 - 16 29
59 - 35 45
16 - 165 21
88 - 93 28
30 - 8 15
189 - 139 25
37 - 9 50
74 - 10 24
153 - 31 28
79 - 87 31
188 - 187 48
44 - 125 3
4 - 104 48
125 - 175 14
44 - 49 18
125 - 140 19
21 - 171 15
70 - 66 50
7 - 100 15
41 - 128 18
38 - 13 50
170 - 195 5
16 - 114 31
85 - 196 8
69 - 7 23
6 - 97 24
30 - 14 17
164 - 6 21
127 - 59 38
176 - 54 31
125 - 85 11
72 - 184 39
60 - 12 15
85 - 75 5
11 - 10 16
183 - 78 20
14 - 16 47
193 - 143 3
125 - 4 24
104 - 10 8
11 - 30 48
12 - 111 30
81 - 26 39
60 - 156 11
8 - 58 15
27 - 82 6
31 - 118 16
131 - 45 18
125 - 88 23
38 - 137 19
85 - 99 49
60 - 38 38
30 - 32 30
192 - 114 40
87 - 181 5
60 - 59 32
88 - 38 31
141 - 181 32
66 - 14 23
86 - 44 41
159 - 44 37
6 - 41 38
128 - 112 1
13 - 15 29
65 - 28 45
140 - 14 50
21 - 3 9
189 - 89 0
81 - 56 5
109 - 162 45
157 - 179 34
97 - 100 47
87 - 85 30
58 - 64 4
4 - 28 21
41 - 30 28
90 - 94 37
112 - 16 29
170 - 63 33
3 - 16 5
59 - 21 17
140 - 115 24
41 - 19 20
178 - 103 14
38 - 151 24
3 - 51 42
55 - 70 26
137 - 161 29
125 - 150 22
38 - 104 47
125 - 128 46
24 - 99 18
10 - 97 37
82 - 94 33
162 - 63 37
19 - 28 28
165 - 60 20
32 - 82 29
66 - 69 7
57 - 8 16
127 - 32 24
79 - 29 32
121 - 114 5
176 - 83 5
117 - 142 16
67 - 80 45
100 - 2 41
44 - 97 1
126 - 26 44
60 - 10 37
54 - 4 7
121 - 106 11
50 - 39 48
8 - 20 25
16 - 41 26
163 - 169 50
126 - 191 15
39 - 127 48
64 - 36 43
4 - 3 15
45 - 48 11
188 - 168 17
41 - 54 27
29 - 109 15
176 - 57 50
6 - 7 48
133 - 114 17
118 - 154 4
66 - 123 12
17 - 125 12
37 - 131 34
124 - 20 1
2 - 103 20
1 - 116 28
55 - 8 10
30 - 178 1
159 - 4 45
140 - 125 27
100 - 51 36
76 - 5 48
153 - 178 4
5 - 23 17
90 - 89 26
72 - 73 22
160 - 110 37
24 - 115 20
100 - 1 38
3 - 63 33
32 - 31 41
56 - 153 10
101 - 113 39
105 - 57 42
119 - 7 37
150 - 122 0
7 - 104 28
52 - 57 21
92 - 16 18
176 - 113 15
19 - 14 9
42 - 44 11
100 - 106 45
12 - 23 40
33 - 38 14
29 - 79 13
83 - 76 11
156 - 103 0
115 - 143 24
54 - 7 43
28 - 3 27
113 - 30 28
38 - 143 15
68 - 139 15
187 - 60 39
29 - 128 28
4 - 95 13
16 - 159 6
34 - 32 13
133 - 7 0
100 - 31 14
31 - 76 3
56 - 44 33
140 - 16 47
160 - 88 39
38 - 50 14
114 - 15 2
105 - 106 47
45 - 112 9
19 - 32 34
106 - 165 15
3 - 1 29
138 - 165 24
158 - 179 18
3 - 102 18
110 - 72 36
4 - 26 35
25 - 4 45
40 - 3 32
82 - 57 41
13 - 4 21
103 - 120 40
82 - 93 37
105 - 114 24
36 - 137 9
19 - 162 20
71 - 74 50
104 - 131 18
2 - 16 47
27 - 39 13
152 - 153 41
3 - 29 35
146 - 187 5
175 - 181 49
128 - 134 19
5 - 91 25
98 - 20 40
5 - 111 5
31 - 62 27
180 - 154 9
70 - 82 26
16 - 66 9
16 - 56 3
92 - 42 40
21 - 71 34
84 - 90 31
22 - 24 15
51 - 53 20
130 - 28 18
28 - 177 27
14 - 28 11
98 - 97 21
175 - 181 17
134 - 131 39
143 - 27 37
150 - 104 10
178 - 54 11
95 - 107 49
144 - 27 28
44 - 79 28
63 - 72 33
30 - 131 38
60 - 57 7
42 - 92 10
84 - 82 10
164 - 25 24
3 - 21 28
17 - 30 27
118 - 19 9
152 - 32 42
125 - 129 21
169 - 172 1
22 - 7 17
176 - 93 24
121 - 114 22
1 - 2 26
1 - 152 14
105 - 1 26
146 - 19 4
46 - 1 12
185 - 156 23
59 - 53 31
110 - 140 34
66 - 115 22
133 - 46 9
92 - 26 40
165 - 153 50
16 - 5 38
15 - 16 3
151 - 101 10
38 - 102 48
127 - 78 22
1 - 51 14
150 - 7 14
50 - 1 12
54 - 4 3
45 - 7 19
82 - 100 46
31 - 136 36
153 - 190 35
61 - 11 27
140 - 196 7
31 - 29 47
69 - 57 25
72 - 181 12
8 - 82 1
118 - 69 12
188 - 95 20
4 - 112 10
99 - 92 38
34 - 181 42
81 - 78 34
50 - 48 45
9 - 46 21
57 - 184 22
60 - 58 38
4 - 44 13
159 - 158 8
112 - 102 10
150 - 69 28
56 - 115 8
159 - 3 50
107 - 109 11
32 - 131 1
12 - 6 30
109 - 1 12
23 - 72 37
137 - 112 44
176 - 184 3
29 - 128 13
51 - 158 18
109 - 34 10
132 - 106 39
66 - 143 45
143 - 146 13
107 - 106 17
44 - 27 44
44 - 7 49
51 - 58 10
32 - 31 12
83 - 33 4
101 - 100 9
22 - 24 36
193 - 82 38
16 - 19 44
16 - 123 28
108 - 2 5
106 - 131 17
34 - 40 20
66 - 95 31
4 - 103 46
29 - 4 16
7 - 12 27
82 - 65 22
181 - 35 36
122 - 172 23
15 - 46 22
135 - 184 20
19 - 3 32
19 - 26 18
39 - 16 44
74 - 68 7
85 - 89 8
14 - 110 50
159 - 60 30
110 - 103 21
171 - 74 7
103 - 107 48
51 - 4 35
47 - 162 41
13 - 6 47
22 - 72 15
76 - 126 27
117 - 153 6
105 - 43 25
72 - 75 40
151 - 101 12
17 - 67 7
16 - 38 30
126 - 26 37
7 - 168 9
184 - 140 35
117 - 102 11
32 - 26 46
166 - 155 37
38 - 140 34
63 - 94 40
13 - 101 38
193 - 187 48
16 - 105 33
148 - 167 12
196 - 123 7
78 - 22 27
178 - 61 46
29 - 126 24
1 - 19 31
52 - 64 4
102 - 108 3
155 - 52 3
151 - 121 39
104 - 7 36
123 - 70 50
45 - 143 2
107 - 151 30
13 - 96 29
166 - 103 20
45 - 194 39
57 - 118 48
119 - 47 38
3 - 6 33
30 - 36 11
121 - 181 31
8 - 77 20
17 - 44 49
131 - 122 24
4 - 154 13
171 - 66 13
63 - 162 9
8 - 3 40
161 - 180 31
22 - 4 13
82 - 117 8
7 - 71 48
2 - 103 17
162 - 88 33
91 - 192 31
166 - 9 3
125 - 38 34
38 - 170 13
124 - 18 19
113 - 163 48
150 - 156 24
63 - 79 45
140 - 39 19
37 - 13 34
115 - 1 20
156 - 63 46
1 - 82 39
22 - 9 38
12 - 37 46
109 - 121 20
131 - 100 43
87 - 12 49
77 - 96 22
15 - 19 36
126 - 128 34
109 - 106 8
127 - 105 16
25 - 70 14
13 - 138 28
165 - 193 10
24 - 22 4
128 - 122 9
4 - 76 26
129 - 30 50
155 - 161 19
79 - 179 50
7 - 90 30
121 - 22 20
2 - 1 6
15 - 17 33
150 - 114 44
3 - 4 35
66 - 72 17
28 - 1 18
61 - 60 6
63 - 100 34
162 - 10 28
9 - 10 46
153 - 25 19
181 - 178 21
53 - 57 17
182 - 125 1
68 - 34 21
10 - 151 38
7 - 28 36
156 - 51 28
28 - 3 3
34 - 47 39
78 - 134 2
4 - 29 45
3 - 16 36
128 - 162 48
56 - 65 20
41 - 43 38
32 - 152 35
140 - 149 45
74 - 17 41
162 - 176 50
50 - 98 4
9 - 32 12
10 - 12 50
126 - 7 2
10 - 136 15
4 - 16 2
27 - 79 26
35 - 34 50
148 - 139 15
183 - 111 27
38 - 63 39
39 - 13 18
102 - 7 12
8 - 100 50
125 - 27 20
199 - 80 36
100 - 26 44
176 - 103 19
152 - 31 14
15 - 41 27
54 - 51 33
32 - 38 50
105 - 128 10
196 - 192 37
106 - 107 17
79 - 35 49
78 - 133 42
49 - 31 32
60 - 149 42
131 - 125 27
31 - 143 14
104 - 5 37
159 - 162 34
78 - 54 29
3 - 28 20
76 - 41 19
155 - 159 12
10 - 26 36
79 - 150 2
77 - 182 46
168 - 153 7
155 - 56 27
133 - 29 6
112 - 79 34
153 - 84 39
72 - 158 13
57 - 38 50
80 - 33 18
100 - 79 25
6 - 28 40
56 - 66 32
157 - 168 48
54 - 3 27
15 - 84 3
72 - 190 23
142 - 125 18
101 - 157 26
133 - 131 34
151 - 52 21
82 - 79 40
10 - 187 42
76 - 102 36
100 - 1 27
63 - 51 47
32 - 38 33
164 - 65 14
140 - 163 31
184 - 102 1
26 - 1 25
86 - 58 41
155 - 102 40
96 - 45 1
34 - 60 3
140 - 30 26
182 - 76 39
187 - 144 39
177 - 133 16
187 - 150 7
185 - 145 29
63 - 69 10
31 - 4 7
160 - 119 20
135 - 144 31
51 - 7 18
59 - 84 0
67 - 14 4
102 - 38 46
14 - 1 47
26 - 103 11
55 - 27 49
52 - 2 23
185 - 68 8
11 - 2 17
62 - 16 31
58 - 106 6
140 - 4 23
32 - 22 25
68 - 45 9
1 - 7 13
3 - 112 5
35 - 44 39
89 - 168 37
100 - 103 16
156 - 24 49
64 - 14 32
163 - 116 30
126 - 139 1
5 - 2 46
156 - 190 17
121 - 107 46
10 - 24 19
34 - 77 2
152 - 128 34
82 - 31 10
104 - 126 39
40 - 16 12
199 - 54 12
100 - 150 11
45 - 95 32
117 - 105 31
179 - 32 7
7 - 11 16
4 - 22 47
5 - 16 0
12 - 121 34
13 - 112 40
14 - 100 3
54 - 150 22
79 - 78 19
92 - 80 40
141 - 112 20
38 - 129 29
132 - 190 0
175 - 137 23
180 - 183 2
53 - 156 43
92 - 17 35
151 - 5 9
2 - 5 33
19 - 47 7
155 - 152 19
19 - 10 46
138 - 140 34
103 - 65 30
126 - 27 2
21 - 72 37
137 - 172 24
30 - 133 7
43 - 6 14
141 - 171 9
64 - 128 4
149 - 133 44
138 - 176 36
152 - 54 10
51 - 64 12
159 - 101 20
41 - 64 20
83 - 8 25
142 - 148 34
128 - 48 26
63 - 150 27
100 - 153 25
153 - 181 50
3 - 4 11
156 - 63 11
133 - 21 21
30 - 100 50
15 - 19 40
22 - 182 0
46 - 47 48
118 - 9 27
32 - 112 3
8 - 4 27
53 - 56 32
166 - 125 3
10 - 9 18
64 - 85 9
125 - 180 11
22 - 4 22
102 - 125 12
9 - 3 35
37 - 136 3
26 - 32 46
100 - 15 34
72 - 10 28
117 - 173 36
135 - 83 45
79 - 178 20
40 - 16 39
51 - 59 49
181 - 150 22
26 - 80 2
192 - 97 47
44 - 7 1
23 - 166 18
16 - 15 9
155 - 68 20
7 - 3 31
75 - 143 47
56 - 12 9
143 - 32 48
52 - 51 26
129 - 179 34
91 - 140 36
140 - 115 47
68 - 74 38
193 - 71 3
53 - 101 35
135 - 29 46
114 - 13 30
153 - 103 31
85 - 78 22
9 - 28 35
148 - 131 29
100 - 26 17
26 - 32 11
137 - 41 29
138 - 19 39
78 - 181 37
52 - 81 20
48 - 20 38
171 - 146 31
140 - 5 42
52 - 128 19
82 - 45 12
67 - 17 38
60 - 45 15
181 - 73 39
156 - 116 45
8 - 107 31
18 - 19 22
117 - 16 11
93 - 43 26
13 - 52 6
69 - 18 7
29 - 27 10
89 - 112 1
51 - 168 19
53 - 51 6
146 - 10 48
99 - 10 41
11 - 8 14
183 - 108 5
168 - 70 43
133 - 114 17
57 - 4 25
57 - 167 23
64 - 28 43
101 - 143 0
181 - 191 2
142 - 57 24
57 - 72 7
106 - 163 26
157 - 60 25
53 - 56 26
72 - 41 33
17 - 94 29
19 - 3 16
72 - 58 37
166 - 94 15
85 - 83 30
179 - 178 11
109 - 11 37
81 - 115 23
108 - 10 47
83 - 95 42
69 - 75 37
157 - 52 22
175 - 66 46
134 - 127 34
135 - 129 12
41 - 27 6
75 - 156 50
150 - 54 47
88 - 79 12
117 - 15 29
131 - 19 19
57 - 7 40
28 - 41 25
125 - 26 34
168 - 159 37
11 - 57 2
116 - 22 4
57 - 118 23
163 - 153 40
32 - 183 37
5 - 1 5
11 - 128 33
134 - 47 32
125 - 109 10
17 - 118 15
33 - 22 47
112 - 163 49
6 - 1 21
7 - 4 25
70 - 33 20
119 - 16 23
41 - 140 44
45 - 33 20
4 - 16 38
11 - 182 45
71 - 89 2
15 - 38 39
77 - 163 2
136 - 49 46
44 - 35 32
91 - 67 18
40 - 4 19
41 - 4 30
107 - 197 14
16 - 66 44
60 - 57 44
38 - 85 11
34 - 24 42
19 - 18 25
5 - 20 49
76 - 29 47
19 - 120 37
120 - 66 20
139 - 23 30
34 - 131 50
138 - 112 25
152 - 127 34
91 - 88 38
190 - 95 24
57 - 53 1
19 - 18 0
124 - 7 37
151 - 51 3
11 - 159 48
3 - 63 26
159 - 66 40
2 - 1 29
2 - 100 27
19 - 75 11
3 - 4 47
109 - 10 20
8 - 29 1
2 - 33 6
1 - 190 8
134 - 107 38
41 - 79 36
59 - 168 20
10 - 84 35
10 - 22 5
28 - 105 18
105 - 16 41
20 - 22 32
66 - 16 17
64 - 51 3
71 - 72 20
14 - 11 42
52 - 153 15
21 - 131 48
159 - 104 11
47 - 96 29
1 - 106 46
125 - 134 5
8 - 83 31
29 - 1 7
123 - 24 50
158 - 124 41
82 - 7 10
137 - 26 38
159 - 109 47
133 - 106 1
82 - 79 14
137 - 150 32
28 - 127 46
21 - 20 39
36 - 2 38
42 - 26 22
77 - 63 2
1 - 60 32
47 - 10 30
137 - 175 40
76 - 15 3
123 - 9 46
63 - 187 49
150 - 54 18
127 - 108 24
85 - 109 20
62 - 22 29
63 - 56 3
52 - 2 20
38 - 137 21
44 - 121 34
118 - 63 30
18 - 4 4
66 - 64 36
12 - 121 49
19 - 9 36
102 - 151 33
13 - 113 18
7 - 59 45
119 - 123 43
91 - 18 2
72 - 15 26
166 - 141 49
98 - 3 15
103 - 115 43
19 - 181 4
57 - 66 48
85 - 10 12
64 - 76 33
122 - 137 33
162 - 63 46
40 - 3 38
4 - 103 17
38 - 148 48
74 - 164 16
79 - 13 34
7 - 24 23
164 - 171 25
54 - 57 26
31 - 130 27
151 - 113 8
41 - 113 29
138 - 39 49
112 - 87 41
30 - 138 30
17 - 104 28
10 - 106 23
60 - 158 41
95 - 83 42
181 - 165 12
106 - 131 7
44 - 19 30
82 - 76 27
2 - 63 33
86 - 54 24
19 - 8 41
143 - 125 43
196 - 59 35
5 - 30 3
108 - 127 5
22 - 6 9
103 - 102 31
120 - 45 15
100 - 125 42
17 - 141 32
140 - 94 24
107 - 12 6
20 - 3 30
142 - 68 0
52 - 10 8
38 - 29 28
110 - 35 2
6 - 16 31
92 - 31 15
184 - 124 47
193 - 29 8
70 - 107 28
192 - 167 14
42 - 182 21
56 - 6 12
132 - 146 25
57 - 58 45
151 - 55 15
29 - 4 48
59 - 57 18
175 - 153 13
17 - 4 16
133 - 84 18
159 - 133 28
29 - 10 10
187 - 124 47
115 - 195 31
51 - 150 23
120 - 64 48
19 - 110 8
157 - 7 10
19 - 12 4
87 - 146 12
121 - 3 21
79 - 136 50
185 - 81 46
22 - 42 5
47 - 22 2
119 - 149 10
128 - 175 24
112 - 105 15
19 - 22 20
167 - 106 40
32 - 110 6
190 - 10 37
71 - 70 47
106 - 103 38
63 - 159 40
162 - 92 6
32 - 3 0
94 - 76 4
153 - 108 22
103 - 109 8
51 - 76 20
168 - 106 38
31 - 134 4
113 - 89 30
37 - 35 29
47 - 94 22
18 - 100 8
61 - 91 30
54 - 13 28
4 - 2 38
192 - 178 40
4 - 115 43
142 - 81 22
43 - 4 18
39 - 26 18
162 - 54 15
16 - 63 33
85 - 80 27
56 - 55 7
59 - 114 27
69 - 163 9
10 - 103 28
104 - 2 27
94 - 116 12
101 - 106 32
31 - 43 44
128 - 137 13
187 - 88 8
16 - 1 42
15 - 69 43
106 - 144 28
181 - 179 26
173 - 74 47
169 - 52 43
2 - 55 19
129 - 128 45
2 - 79 15
90 - 15 24
22 - 18 46
79 - 91 23
140 - 137 29
104 - 106 49
32 - 16 18
127 - 164 47
115 - 51 39
24 - 136 45
64 - 89 49
1 - 69 20
140 - 176 39
8 - 3 6
2 - 67 5
22 - 28 11
104 - 168 2
2 - 5 6
26 - 125 6
27 - 29 1
53 - 170 45
40 - 41 28
54 - 166 22
161 - 55 24
37 - 121 39
4 - 13 37
18 - 15 37
76 - 51 41
131 - 185 47
146 - 193 45
15 - 2 40
188 - 77 9
63 - 162 14
19 - 153 32
90 - 13 40
4 - 18 17
44 - 79 45
105 - 100 49
31 - 7 25
147 - 141 30
7 - 127 38
159 - 178 9
85 - 82 35
115 - 112 3
166 - 117 8
186 - 157 7
64 - 63 31
19 - 24 44
61 - 33 33
151 - 5 13
156 - 106 22
102 - 128 5
187 - 137 20
100 - 125 14
65 - 76 31
97 - 58 28
125 - 28 12
102 - 178 46
187 - 190 38
38 - 3 47
46 - 131 40
71 - 65 7
8 - 144 48
32 - 13 34
35 - 59 36
112 - 126 21
170 - 34 4
94 - 14 29
17 - 38 43
52 - 88 5
51 - 64 2
63 - 4 35
177 - 187 20
69 - 115 6
29 - 27 30
54 - 66 28
195 - 21 40
59 - 156 6
91 - 39 47
54 - 3 45
150 - 7 46
53 - 54 17
8 - 65 28
125 - 101 39
37 - 109 48
56 - 3 26
3 - 10 49
22 - 108 49
109 - 134 13
9 - 104 7
19 - 16 43
155 - 115 34
154 - 161 26
150 - 101 50
190 - 196 27
132 - 118 38
175 - 4 18
178 - 54 35
52 - 70 44
115 - 13 17
26 - 46 13
14 - 16 4
113 - 160 36
38 - 40 18
12 - 6 4
63 - 67 47
102 - 16 26
169 - 195 5
98 - 89 43
6 - 31 30
44 - 168 44
51 - 106 43
104 - 120 10
63 - 26 7
187 - 79 29
168 - 165 30
154 - 23 11
120 - 108 0
16 - 72 30
112 - 132 10
13 - 14 0
192 - 112 14
12 - 3 21
115 - 105 33
7 - 159 49
53 - 56 15
10 - 103 25
10 - 38 43
109 - 4 36
117 - 169 35
106 - 48 47
141 - 134 34
159 - 97 9
94 - 41 6
106 - 118 41
115 - 19 29
26 - 32 45
81 - 53 41
115 - 130 12
1 - 112 11
11 - 4 49
184 - 82 49
19 - 98 50
163 - 20 0
142 - 118 43
40 - 41 20
156 - 150 2
40 - 111 29
110 - 147 18
32 - 131 1
44 - 144 25
182 - 169 17
85 - 80 20
102 - 49 42
150 - 14 11
76 - 187 15
62 - 81 18
119 - 159 49
103 - 128 9
116 - 5 50
51 - 98 8
81 - 155 23
11 - 20 2
4 - 26 38
4 - 26 25
94 - 91 27
98 - 55 21
100 - 101 31
101 - 115 26
62 - 124 45
168 - 19 40
150 - 152 45
110 - 160 16
60 - 54 40
41 - 175 39
142 - 40 50
134 - 76 49
64 - 162 41
27 - 80 45
140 - 128 50
149 - 60 31
35 - 32 7
78 - 89 18
66 - 63 46
125 - 131 26
57 - 1 29
37 - 29 2
40 - 3 19
22 - 124 6
78 - 28 35
94 - 72 8
112 - 14 31
67 - 7 1
57 - 13 39
72 - 16 14
81 - 91 32
10 - 71 25
87 - 36 48
38 - 48 27
54 - 164 28
107 - 112 11
23 - 19 48
114 - 143 40
14 - 1 15
36 - 52 3
4 - 29 47
125 - 17 0
103 - 115 25
131 - 106 43
61 - 110 34
65 - 170 21
159 - 129 47
20 - 58 48
5 - 7 29
143 - 95 43
109 - 135 36
103 - 5 20
75 - 62 29
39 - 2 7
32 - 69 42
78 - 54 35
52 - 104 8
2 - 105 32
4 - 29 19
13 - 32 43
52 - 163 38
22 - 29 43
7 - 106 40
181 - 175 20
10 - 41 42
23 - 14 9
34 - 66 11
125 - 51 9
72 - 4 44
150 - 106 22
19 - 67 42
38 - 34 48
30 - 29 3
22 - 8 20
60 - 32 33
1 - 28 49
61 - 10 15
103 - 105 19
7 - 90 38
13 - 16 29
18 - 16 45
109 - 51 8
52 - 86 13
19 - 118 28
13 - 137 26
66 - 13 3
48 - 98 12
192 - 189 31
134 - 122 46
72 - 14 25
10 - 54 9
32 - 85 48
113 - 117 39
79 - 94 11
132 - 78 48
12 - 105 2
71 - 120 34
189 - 167 43
42 - 10 32
131 - 110 15
53 - 78 28
102 - 37 39
152 - 167 9
27 - 4 18
5 - 32 13
30 - 55 26
19 - 32 19
106 - 168 36
74 - 196 4
13 - 106 17
4 - 1 15
153 - 103 15
34 - 31 50
106 - 132 40
38 - 87 0
139 - 39 45
11 - 48 9
69 - 39 3
106 - 84 48
196 - 41 9
187 - 127 2
191 - 129 15
1 - 53 10
112 - 152 24
11 - 25 21
110 - 32 42
76 - 27 24
188 - 18 45
101 - 138 41
103 - 177 26
58 - 101 25
79 - 85 5
83 - 58 36
106 - 131 36
174 - 66 20
4 - 6 21
70 - 54 28
106 - 118 45
7 - 44 10
12 - 103 49
77 - 76 32
6 - 28 40
52 - 5 38
40 - 15 49
34 - 26 36
67 - 32 11
181 - 179 9
123 - 137 32
139 - 162 39
168 - 104 1
119 - 22 6
41 - 97 32
29 - 52 50
128 - 40 33
41 - 29 0
69 - 79 33
51 - 66 21
9 - 100 0
67 - 172 14
28 - 10 6
14 - 47 37
65 - 68 41
187 - 127 28
96 - 193 36
175 - 178 18
67 - 12 16
32 - 35 24
15 - 7 14
153 - 52 18
164 - 107 8
70 - 89 11
109 - 103 36
103 - 124 33
181 - 26 25
70 - 62 10
38 - 88 2
103 - 133 0
151 - 89 18
29 - 41 2
27 - 26 5
147 - 171 5
54 - 16 46
130 - 6 3
123 - 10 12
155 - 114 7
181 - 131 26
165 - 163 9
78 - 79 26
22 - 19 50
91 - 60 12
180 - 120 7
5 - 67 7
174 - 115 38
101 - 106 7
132 - 147 22
26 - 1 12
64 - 89 37
17 - 37 13
5 - 32 41
88 - 63 24
1 - 7 36
4 - 35 1
101 - 128 41
103 - 104 30
4 - 128 28
69 - 17 16
10 - 22 0
87 - 154 15
100 - 175 45
47 - 98 34
32 - 42 25
114 - 121 20
85 - 76 2
122 - 72 30
21 - 164 48
181 - 150 32
150 - 100 19
132 - 45 6
143 - 139 39
141 - 39 8
187 - 40 0
118 - 174 10
5 - 109 25
105 - 143 1
4 - 54 29
57 - 88 48
13 - 1 35
56 - 60 15
159 - 57 16
139 - 123 46
41 - 91 25
152 - 60 7
116 - 118 5
10 - 19 30
165 - 22 23
58 - 106 1
150 - 58 22
162 - 169 28
112 - 162 26
97 - 69 15
35 - 15 17
8 - 106 20
2 - 4 41
65 - 63 28
45 - 32 40
127 - 125 25
82 - 79 20
191 - 168 3
181 - 175 8
37 - 198 17
126 - 52 49
159 - 140 30
143 - 120 34
6 - 3 16
134 - 91 44
159 - 107 28
129 - 104 42
71 - 32 18
8 - 97 32
5 - 7 38
178 - 80 12
20 - 9 27
158 - 153 47
112 - 15 9
32 - 83 30
20 - 45 14
193 - 33 35
118 - 22 47
80 - 92 49
132 - 59 36
100 - 1 36
109 - 11 39
28 - 164 0
109 - 152 22
59 - 21 17
63 - 64 24
146 - 119 3
20 - 1 31
76 - 79 9
184 - 83 11
103 - 109 39
38 - 18 36
177 - 81 35
128 - 90 26
32 - 46 34
156 - 177 45
121 - 162 46
19 - 15 32
11 - 106 32
165 - 120 50
116 - 14 15
75 - 168 16
97 - 83 45
10 - 20 5
112 - 113 14
25 - 69 49
106 - 103 4
101 - 113 11
52 - 100 17
113 - 20 10
88 - 79 27
150 - 176 41
128 - 150 40
16 - 169 8
191 - 112 37
16 - 115 12
8 - 76 13
102 - 13 19
29 - 47 41
106 - 9 4
127 - 40 13
14 - 73 44
128 - 106 32
44 - 32 32
4 - 128 15
118 - 69 50
62 - 106 44
2 - 4 34
13 - 64 24
84 - 189 9
165 - 41 25
7 - 120 7
1 - 53 14
55 - 56 17
181 - 76 47
63 - 2 47
7 - 155 44
95 - 47 30
28 - 2 31
156 - 193 34
100 - 26 24
22 - 47 14
29 - 33 42
4 - 29 50
27 - 159 21
187 - 131 40
79 - 77 27
175 - 76 46
156 - 171 49
8 - 106 37
19 - 49 4
69 - 38 20
7 - 57 4
7 - 76 38
130 - 177 45
95 - 137 21
151 - 79 34
14 - 103 0
52 - 63 33
163 - 65 40
25 - 23 48
87 - 100 22
18 - 78 12
159 - 51 21
84 - 153 41
1 - 52 3
63 - 187 28
48 - 149 27
129 - 131 13
14 - 63 16
7 - 11 43
180 - 93 6
127 - 139 47
178 - 36 8
52 - 95 46
199 - 187 43
19 - 110 37
28 - 49 40
146 - 112 18
91 - 73 15
178 - 32 15
88 - 190 30
155 - 111 42
109 - 156 39
138 - 176 47
165 - 140 30
176 - 79 15
137 - 112 47
140 - 130 31
17 - 19 23
27 - 4 40
171 - 8 24
45 - 136 27
175 - 19 15
69 - 70 17
21 - 34 20
113 - 44 38
16 - 41 34
73 - 42 23
187 - 198 39
138 - 29 27
113 - 129 50
94 - 172 17
29 - 30 46
4 - 14 2
8 - 122 21
31 - 6 41
26 - 103 8
42 - 38 34
16 - 41 3
26 - 77 1
193 - 175 34
2 - 101 20
187 - 26 18
153 - 76 22
66 - 15 17
94 - 89 49
186 - 181 11
10 - 146 18
193 - 57 31
173 - 157 19
47 - 13 32
32 - 118 13
30 - 56 45
120 - 44 34
178 - 55 21
9 - 10 30
2 - 1 9
153 - 51 9
110 - 33 41
177 - 125 38
97 - 22 41
156 - 57 20
91 - 76 44
143 - 41 49
11 - 31 40
5 - 103 5
28 - 3 27
13 - 48 11
33 - 29 38
109 - 3 27
17 - 137 6
76 - 100 50
34 - 3 40
109 - 134 11
113 - 163 43
155 - 165 2
37 - 46 34
3 - 27 12
143 - 125 16
56 - 6 12
86 - 110 4
31 - 13 15
23 - 22 35
98 - 94 38
140 - 22 44
72 - 56 2
62 - 63 49
187 - 113 18
11 - 14 27
182 - 194 42
118 - 123 4
29 - 126 45
31 - 28 13
14 - 68 44
44 - 47 17
103 - 4 6
35 - 132 47
44 - 26 22
7 - 16 33
79 - 63 50
185 - 107 32
31 - 44 32
120 - 34 39
8 - 1 24
41 - 140 26
174 - 42 47
56 - 53 0
32 - 26 5
63 - 92 33
197 - 70 29
12 - 24 47
17 - 44 9
29 - 6 11
6 - 53 45
125 - 130 31
54 - 6 30
125 - 175 26
195 - 38 12
150 - 1 4
1 - 51 40
7 - 4 16
131 - 39 39
66 - 19 10
130 - 65 12
120 - 60 44
1 - 102 23
31 - 29 7
110 - 119 41
125 - 112 43
133 - 102 19
151 - 111 42
78 - 76 27
107 - 69 33
35 - 29 20
21 - 24 47
114 - 120 19
92 - 89 44
2 - 51 10
19 - 13 35
103 - 115 27
31 - 41 26
39 - 27 25
8 - 57 49
125 - 171 9
97 - 182 40
44 - 47 12
135 - 106 30
90 - 47 35
149 - 25 41
164 - 187 23
96 - 78 27
124 - 123 46
39 - 91 11
33 - 169 2
33 - 61 45
11 - 132 1
58 - 57 36
4 - 26 37
51 - 26 0
29 - 9 33
38 - 16 11
86 - 77 50
1 - 51 25
20 - 63 32
126 - 8 50
66 - 64 47
56 - 177 48
88 - 94 4
35 - 103 31
65 - 150 49
57 - 107 2
68 - 162 8
118 - 6 45
88 - 182 11
14 - 121 28
183 - 34 11
31 - 7 23
131 - 82 4
104 - 67 49
13 - 39 27
106 - 163 49
136 - 37 5
139 - 115 44
35 - 76 42
4 - 40 46
140 - 19 26
41 - 64 44
127 - 103 0
93 - 78 36
67 - 29 24
121 - 109 15
109 - 34 11
84 - 82 31
107 - 139 13
82 - 31 37
192 - 99 8
94 - 51 27
86 - 85 18
3 - 108 49
104 - 100 18
159 - 113 33
35 - 26 43
79 - 46 22
5 - 179 46
84 - 78 34
117 - 16 49
14 - 30 10
168 - 163 39
154 - 11 37
29 - 8 15
101 - 125 36
100 - 4 19
74 - 62 31
69 - 19 31
32 - 31 26
4 - 12 3
140 - 116 15
175 - 150 6
47 - 45 20
125 - 131 5
137 - 115 36
28 - 2 1
2 - 13 11
178 - 137 36
7 - 47 31
126 - 27 33
165 - 72 40
128 - 131 31
29 - 128 20
41 - 65 26
54 - 79 49
39 - 147 29
103 - 125 2
59 - 68 9
57 - 9 3
52 - 2 27
5 - 109 2
196 - 16 13
103 - 38 38
150 - 51 5
60 - 124 25
18 - 117 38
1 - 6 47
138 - 176 44
41 - 176 38
5 - 30 47
181 - 49 40
50 - 35 19
26 - 179 37
21 - 181 39
3 - 51 23
131 - 137 38
116 - 115 1
50 - 134 7
125 - 100 23
34 - 49 16
177 - 152 37
194 - 98 2
119 - 118 47
3 - 51 0
26 - 132 3
83 - 97 8
100 - 7 8
69 - 16 6
110 - 178 29
42 - 41 10
112 - 143 41
69 - 73 5
29 - 28 12
32 - 44 42
57 - 150 4
181 - 125 43
186 - 136 6
32 - 34 46
82 - 68 12
4 - 1 1
64 - 156 9
7 - 69 29
116 - 5 20
126 - 132 1
140 - 171 43
78 - 3 23
177 - 71 38
106 - 125 9
80 - 54 22
82 - 132 45
131 - 125 46
32 - 27 3
17 - 112 22
192 - 29 18
95 - 39 39
87 - 34 16
81 - 65 27
20 - 69 8
177 - 178 36
88 - 13 46
13 - 51 22
109 - 170 24
126 - 29 9
3 - 14 36
180 - 118 31
37 - 126 34
9 - 73 6
54 - 62 4
115 - 140 44
188 - 165 41
168 - 165 22
118 - 112 40
11 - 3 14
71 - 57 43
150 - 113 15
18 - 23 9
48 - 29 44
110 - 100 0
175 - 80 12
4 - 47 3
39 - 26 40
37 - 11 28
103 - 43 13
183 - 34 10
144 - 131 39
183 - 57 35
196 - 169 5
47 - 67 24
100 - 88 6
169 - 163 24
102 - 152 39
26 - 177 36
100 - 125 6
6 - 24 7
10 - 23 43
28 - 79 5
82 - 76 7
194 - 76 9
75 - 25 18
30 - 14 15
151 - 153 30
94 - 112 20
134 - 26 38
87 - 84 47
118 - 9 48
2 - 20 44
159 - 109 27
108 - 59 43
129 - 110 46
19 - 168 33
64 - 63 43
66 - 18 50
53 - 3 50
109 - 116 22
80 - 55 20
4 - 106 10
175 - 132 5
75 - 153 8
148 - 21 19
160 - 3 45
128 - 121 41
41 - 88 24
157 - 112 14
118 - 108 26
194 - 16 32
146 - 39 43
137 - 54 2
54 - 79 13
125 - 132 11
3 - 65 0
15 - 31 19
26 - 46 41
82 - 181 40
47 - 46 44
59 - 121 19
63 - 54 37
153 - 167 24
156 - 162 4
16 - 115 3
115 - 17 40
112 - 105 8
2 - 153 49
82 - 118 1
74 - 158 26
9 - 59 48
150 - 57 49
163 - 159 5
82 - 97 30
56 - 105 41
181 - 184 6
53 - 134 35
16 - 7 4
150 - 159 17
162 - 94 5
55 - 110 48
66 - 167 9
112 - 38 38
179 - 76 45
16 - 57 30
91 - 34 35
171 - 54 35
81 - 32 22
153 - 78 26
141 - 125 1
134 - 103 40
187 - 47 4
7 - 70 42
41 - 43 9
84 - 59 24
191 - 160 27
167 - 67 21
67 - 163 1
121 - 88 46
1 - 26 28
53 - 177 33
112 - 100 30
36 - 50 46
1 - 112 0
35 - 29 1
35 - 10 41
27 - 129 32
56 - 1 32
66 - 150 24
125 - 88 46
100 - 156 48
48 - 38 3
72 - 66 10
26 - 33 5
165 - 153 35
63 - 169 30
161 - 156 44
33 - 45 21
153 - 156 43
18 - 4 0
66 - 112 44
2 - 8 11
57 - 56 31
34 - 32 21
59 - 82 25
31 - 81 9
72 - 17 11
109 - 146 41
105 - 6 15
65 - 28 2
35 - 26 19
36 - 48 10
112 - 165 50
71 - 46 21
54 - 14 38
51 - 76 44
153 - 57 32
137 - 170 43
137 - 88 17
41 - 178 26
161 - 61 10
115 - 47 5
10 - 35 36
58 - 8 30
3 - 13 21
38 - 94 21
38 - 76 16
157 - 35 28
31 - 79 32
56 - 54 26
29 - 100 41
104 - 103 47
1 - 5 39
1 - 63 31
118 - 20 8
112 - 109 6
66 - 76 3
134 - 186 38
137 - 187 33
153 - 119 3
127 - 105 32
4 - 41 18
57 - 82 25
19 - 76 35
75 - 63 42
72 - 99 50
100 - 26 31
15 - 1 36
66 - 42 6
156 - 2 18
188 - 171 9
38 - 54 32
53 - 13 50
175 - 105 25
93 - 57 0
1 - 19 6
107 - 66 30
66 - 112 4
57 - 162 27
7 - 133 7
16 - 23 40
116 - 101 7
40 - 96 22
22 - 71 43
144 - 39 37
121 - 72 18
84 - 79 1
178 - 13 26
58 - 64 36
66 - 67 46
51 - 19 6
115 - 19 50
44 - 39 43
7 - 10 50
40 - 15 50
11 - 55 46
106 - 109 1
79 - 29 31
17 - 11 27
41 - 4 24
27 - 17 30
190 - 118 18
29 - 32 36
6 - 51 24
63 - 3 14
60 - 53 5
125 - 127 7
63 - 118 37
92 - 81 13
69 - 163 16
14 - 88 35
123 - 121 36
5 - 106 24
23 - 17 3
39 - 38 42
144 - 89 19
93 - 115 39
24 - 22 38
102 - 100 47
2 - 113 27
44 - 193 35
59 - 21 13
94 - 33 45
162 - 158 34
35 - 133 36
192 - 180 14
26 - 125 39
198 - 196 44
35 - 54 7
111 - 30 9
168 - 106 11
134 - 35 7
130 - 100 2
115 - 54 25
72 - 165 36
32 - 37 45
100 - 123 48
80 - 4 2
175 - 120 8
32 - 13 35
172 - 157 18
140 - 128 18
176 - 128 45
103 - 8 38
99 - 88 27
174 - 159 45
127 - 131 43
53 - 71 20
60 - 76 29
115 - 2 27
103 - 3 46
100 - 115 22
118 - 106 12
103 - 157 35
132 - 16 23
69 - 89 20
56 - 37 2
14 - 100 22
101 - 7 19
9 - 19 35
41 - 31 17
60 - 87 28
22 - 35 27
79 - 35 17
21 - 23 25
88 - 38 21
108 - 100 9
102 - 3 13
9 - 106 40
2 - 166 10
89 - 178 32
155 - 54 13
100 - 19 43
89 - 100 40
131 - 32 14
193 - 21 7
20 - 92 45
10 - 2 13
155 - 13 1
17 - 73 17
15 - 1 44
10 - 154 9
56 - 53 37
74 - 23 40
77 - 176 34
16 - 12 28
7 - 134 12
174 - 171 14
28 - 4 8
107 - 154 2
27 - 7 8
181 - 134 38
77 - 132 24
76 - 175 3
145 - 49 24
10 - 38 36
22 - 111 42
26 - 44 38
77 - 52 16
146 - 16 19
91 - 190 36
63 - 60 23
107 - 11 40
62 - 55 3
16 - 13 42
198 - 187 47
34 - 26 47
76 - 41 49
119 - 163 12
22 - 19 32
131 - 181 32
125 - 29 6
128 - 16 6
181 - 59 0
139 - 112 4
19 - 14 8
54 - 79 11
72 - 59 37
3 - 127 38
106 - 104 6
39 - 27 48
54 - 1 24
29 - 150 34
78 - 140 38
133 - 196 23
16 - 57 44
51 - 63 25
41 - 44 39
13 - 20 47
4 - 52 42
96 - 68 9
32 - 10 29
1 - 28 8
22 - 31 25
156 - 140 6
42 - 41 16
20 - 32 32
134 - 10 30
4 - 3 19
114 - 112 24
151 - 126 21
57 - 26 48
9 - 60 16
31 - 177 23
6 - 3 15
28 - 36 41
109 - 106 45
63 - 82 28
94 - 7 10
113 - 13 9
125 - 145 0
38 - 196 28
13 - 180 25
93 - 21 36
43 - 9 6
153 - 111 9
132 - 126 3
58 - 45 42
79 - 81 7
115 - 116 32
191 - 63 11
1 - 44 30
101 - 175 9
192 - 74 8
139 - 131 0
198 - 171 19
38 - 177 22
137 - 109 4
52 - 78 2
124 - 105 34
156 - 57 40
10 - 18 20
100 - 16 35
153 - 106 48
69 - 83 23
108 - 9 40
99 - 43 35
4 - 7 25
126 - 132 35
123 - 74 17
104 - 5 48
103 - 101 33
63 - 43 0
78 - 90 11
2 - 83 34
167 - 115 47
106 - 159 9
150 - 177 47
171 - 107 38
52 - 76 46
112 - 118 37
72 - 22 34
180 - 32 24
18 - 19 5
156 - 75 21
63 - 64 24
106 - 125 35
112 - 109 9
102 - 105 16
133 - 131 36
44 - 29 2
103 - 81 16
13 - 74 11
12 - 152 17
14 - 69 26
165 - 162 12
89 - 67 36
66 - 65 42
114 - 34 48
85 - 41 46
196 - 190 39
125 - 178 24
158 - 107 27
189 - 71 26
192 - 57 10
49 - 100 30
128 - 188 25
16 - 27 16
19 - 23 32
112 - 156 42
175 - 38 21
28 - 195 0
91 - 142 17
89 - 95 2
132 - 109 13
115 - 153 23
163 - 115 14
113 - 125 46
17 - 24 29
116 - 58 41
29 - 176 16
117 - 114 7
1 - 57 42
1 - 19 4
4 - 16 22
108 - 59 44
68 - 18 33
116 - 16 47
84 - 34 44
9 - 26 12
7 - 84 24
187 - 58 45
67 - 97 9
38 - 15 40
152 - 105 16
10 - 171 11
89 - 16 12
184 - 32 34
125 - 126 16
42 - 53 10
56 - 90 50
168 - 145 28
6 - 136 16
13 - 88 27
54 - 4 29
137 - 131 12
3 - 109 34
127 - 150 17
85 - 83 5
191 - 118 33
32 - 31 37
113 - 114 16
6 - 9 14
4 - 7 21
161 - 159 7
131 - 196 42
81 - 54 1
175 - 154 47
163 - 189 13
118 - 170 45
74 - 34 46
29 - 54 45
4 - 42 14
103 - 159 42
198 - 153 45
115 - 102 5
153 - 102 30
25 - 41 34
112 - 127 46
103 - 31 8
39 - 168 38
37 - 136 25
131 - 180 8
10 - 2 46
127 - 130 11
36 - 33 41
41 - 165 34
134 - 146 42
3 - 106 9
163 - 160 37
115 - 163 39
160 - 162 31
156 - 155 11
76 - 78 43
132 - 5 32
151 - 175 22
3 - 101 11
16 - 112 8
66 - 140 9
42 - 6 16
10 - 160 48
103 - 121 34
66 - 16 21
102 - 18 21
97 - 13 11
30 - 20 34
18 - 16 50
9 - 2 30
76 - 29 46
2 - 47 42
19 - 97 49
1 - 79 24
12 - 18 37
147 - 39 33
22 - 48 46
116 - 172 32
112 - 100 13
65 - 2 43
5 - 101 25
7 - 38 3
55 - 61 11
31 - 93 0
91 - 29 6
101 - 115 33
10 - 60 5
19 - 1 45
31 - 56 10
3 - 4 23
84 - 79 46
150 - 103 11
9 - 34 21
181 - 83 29
69 - 57 41
133 - 177 16
106 - 156 24
103 - 138 40
69 - 168 6
159 - 48 28
97 - 68 8
44 - 22 30
142 - 189 36
193 - 48 11
162 - 63 27
44 - 47 0
155 - 192 22
6 - 3 15
189 - 164 14
105 - 54 30
106 - 118 21
10 - 4 0
115 - 18 35
184 - 63 8
106 - 9 12
5 - 41 10
88 - 74 13
5 - 2 32
127 - 128 27
109 - 134 33
44 - 13 10
183 - 29 15
140 - 100 15
184 - 29 40
1 - 53 43
38 - 4 12
92 - 58 21
26 - 125 37
106 - 4 41
159 - 131 10
67 - 40 49
35 - 26 12
176 - 57 11
156 - 175 19
187 - 85 31
71 - 26 28
41 - 16 43
79 - 29 17
33 - 79 28
100 - 40 5
5 - 14 2
27 - 8 17
156 - 153 40
78 - 139 43
82 - 26 34
64 - 94 25
100 - 143 50
8 - 13 46
117 - 27 34
20 - 118 34
85 - 157 23
128 - 3 2
124 - 7 5
164 - 112 4
187 - 169 17
53 - 154 9
16 - 2 19
26 - 29 18
4 - 57 1
137 - 43 22
186 - 12 11
4 - 54 30
137 - 31 27
126 - 182 19
84 - 134 26
2 - 73 4
184 - 188 21
125 - 128 24
6 - 32 39
52 - 51 43
83 - 78 31
122 - 116 19
185 - 197 19
27 - 13 29
19 - 7 30
52 - 57 41
66 - 72 24
7 - 10 39
121 - 111 1
61 - 154 34
182 - 128 43
109 - 167 16
51 - 150 40
140 - 192 30
51 - 59 8
26 - 1 30
31 - 190 4
64 - 14 21
30 - 82 29
29 - 42 7
7 - 106 6
189 - 178 32
152 - 161 41
179 - 126 32
186 - 158 26
57 - 111 4
7 - 119 47
136 - 183 33
116 - 141 13
24 - 49 38
57 - 170 31
79 - 4 47
12 - 87 48
41 - 1 40
158 - 100 45
165 - 76 48
63 - 13 35
66 - 48 36
116 - 92 15
134 - 37 40
106 - 153 35
88 - 63 49
41 - 128 22
150 - 2 13
115 - 2 21
120 - 21 0
182 - 184 22
34 - 28 8
132 - 22 45
94 - 40 16
67 - 145 29
7 - 60 1
72 - 9 10
162 - 63 20
118 - 121 37
29 - 60 43
116 - 113 0
3 - 9 39
114 - 16 40
13 - 63 6
68 - 19 16
15 - 76 2
154 - 5 11
153 - 102 35
4 - 82 42
106 - 105 18
120 - 161 32
100 - 112 38
195 - 7 40
6 - 60 20
27 - 15 40
52 - 117 27
94 - 32 12
122 - 13 31
104 - 103 9
85 - 184 44
178 - 58 38
112 - 66 21
109 - 97 33
160 - 75 11
197 - 64 7
2 - 27 10
40 - 89 41
31 - 126 14
106 - 19 22
10 - 184 19
113 - 119 17
44 - 19 4
2 - 8 45
158 - 70 8
118 - 141 9
14 - 63 14
91 - 94 0
140 - 16 43
71 - 119 18
8 - 132 33
165 - 72 12
115 - 16 44
164 - 72 6
125 - 100 7
13 - 109 41
149 - 48 11
152 - 53 9
57 - 5 14
101 - 56 26
140 - 103 28
84 - 88 45
43 - 41 3
18 - 41 40
153 - 150 23
111 - 184 31
9 - 194 21
125 - 40 32
26 - 27 1
104 - 52 28
131 - 134 37
107 - 35 32
128 - 53 27
83 - 79 23
63 - 186 8
20 - 22 7
57 - 11 2
34 - 106 40
87 - 10 35
35 - 29 5
34 - 99 6
16 - 44 0
97 - 91 20
128 - 29 28
109 - 58 38
27 - 8 17
69 - 159 24
63 - 156 24
7 - 32 6
